9.448476357581352 131.91876392445698 10.995586599753754 9.322237589079531 0.2212011921915663 0.9752281951282119 5
9.448476357581352 131.91876392445698 10.995586599753754 9.322237589079531 0.2212011921915663 0.9752281951282119 0.3
9.448476357581352 131.91876392445698 10.995586599753754 9.322237589079531 0.2212011921915663 0.9752281951282119 0.3
9.448476357581352 131.91876392445698 10.995586599753754 9.322237589079531 0.2212011921915663 0.9752281951282119 0.3
9.448476357581352 131.91876392445698 10.995586599753754 9.322237589079531 0.2212011921915663 0.9752281951282119 0.3
9.448476357581352 131.91876392445698 10.995586599753754 9.322237589079531 0.2212011921915663 0.9752281951282119 0.3
9.448476357581352 131.91876392445698 10.995586599753754 9.322237589079531 0.2212011921915663 0.9752281951282119 0.3
9.448476357581352 131.91876392445698 10.995586599753754 9.322237589079531 0.2212011921915663 0.9752281951282119 0.3
9.448476357581352 131.91876392445698 10.995586599753754 9.322237589079531 0.2212011921915663 0.9752281951282119 0.3
9.448476357581352 131.91876392445698 10.995586599753754 9.322237589079531 0.2212011921915663 0.9752281951282119 0.3
9.448476357581352 131.91876392445698 10.995586599753754 9.322237589079531 0.2212011921915663 0.9752281951282119 0.3
9.448476357581352 131.91876392445698 10.995586599753754 9.322237589079531 0.2212011921915663 0.9752281951282119 0.3
9.448476357581352 131.91876392445698 10.995586599753754 9.322237589079531 0.2212011921915663 0.9752281951282119 0.3
9.448476357581352 131.91876392445698 10.995586599753754 9.322237589079531 0.2212011921915663 0.9752281951282119 0.3
9.448476357581352 131.91876392445698 10.995586599753754 9.322237589079531 0.2212011921915663 0.9752281951282119 0.3
9.448476357581352 131.91876392445698 10.995586599753754 9.322237589079531 0.2212011921915663 0.9752281951282119 0.3
9.448476357581352 131.91876392445698 10.995586599753754 9.322237589079531 0.2212011921915663 0.9752281951282119 0.3
9.448476357581352 131.91876392445698 10.995586599753754 9.322237589079531 0.2212011921915663 0.9752281951282119 0.3
9.448476357581352 131.91876392445698 10.995586599753754 9.322237589079531 0.2212011921915663 0.9752281951282119 0.3
9.448476357581352 131.91876392445698 10.995586599753754 9.322237589079531 0.2212011921915663 0.9752281951282119 0.3
9.448476357581352 131.91876392445698 10.995586599753754 9.322237589079531 0.2212011921915663 0.9752281951282119 0.3
9.448476357581352 131.91876392445698 10.995586599753754 9.322237589079531 0.2212011921915663 0.9752281951282119 0.3
9.448476357581352 131.91876392445698 10.995586599753754 9.322237589079531 0.2212011921915663 0.9752281951282119 0.3
9.448476357581352 131.91876392445698 10.995586599753754 9.322237589079531 0.2212011921915663 0.9752281951282119 0.3
9.448476357581352 131.91876392445698 10.995586599753754 9.322237589079531 0.2212011921915663 0.9752281951282119 0.3
9.448476357581352 131.91876392445698 10.995586599753754 9.322237589079531 0.2212011921915663 0.9752281951282119 0.3
9.448476357581352 131.91876392445698 10.995586599753754 9.322237589079531 0.2212011921915663 0.9752281951282119 0.3
9.448476357581352 131.91876392445698 10.995586599753754 9.322237589079531 0.2212011921915663 0.9752281951282119 0.3
9.448476357581352 131.91876392445698 10.995586599753754 9.322237589079531 0.2212011921915663 0.9752281951282119 0.3
9.448476357581352 131.91876392445698 10.995586599753754 9.322237589079531 0.2212011921915663 0.9752281951282119 0.3
9.448476357581352 131.91876392445698 10.995586599753754 9.322237589079531 0.2212011921915663 0.9752281951282119 0.3
9.448476357581352 131.91876392445698 10.995586599753754 9.322237589079531 0.2212011921915663 0.9752281951282119 0.3
9.448476357581352 131.91876392445698 10.995586599753754 9.322237589079531 0.2212011921915663 0.9752281951282119 0.3
9.448476357581352 131.91876392445698 10.995586599753754 9.322237589079531 0.2212011921915663 0.9752281951282119 0.3
9.448476357581352 131.91876392445698 10.995586599753754 9.322237589079531 0.2212011921915663 0.9752281951282119 0.3
9.448476357581352 131.91876392445698 10.995586599753754 9.322237589079531 0.2212011921915663 0.9752281951282119 0.3
9.448476357581352 131.91876392445698 10.995586599753754 9.322237589079531 0.2212011921915663 0.9752281951282119 0.3
9.448476357581352 131.91876392445698 10.995586599753754 9.322237589079531 0.2212011921915663 0.9752281951282119 0.3
9.448476357581352 131.91876392445698 10.995586599753754 9.322237589079531 0.2212011921915663 0.9752281951282119 0.3
9.448476357581352 131.91876392445698 10.995586599753754 9.322237589079531 0.2212011921915663 0.9752281951282119 0.3
9.448476357581352 131.91876392445698 10.995586599753754 9.322237589079531 0.2212011921915663 0.9752281951282119 0.3
9.448476357581352 131.91876392445698 10.995586599753754 9.322237589079531 0.2212011921915663 0.9752281951282119 0.3
9.448476357581352 131.91876392445698 10.995586599753754 9.322237589079531 0.2212011921915663 0.9752281951282119 0.3
9.448476357581352 131.91876392445698 10.995586599753754 9.322237589079531 0.2212011921915663 0.9752281951282119 0.3
9.448476357581352 131.91876392445698 10.995586599753754 9.322237589079531 0.2212011921915663 0.9752281951282119 0.3
9.448476357581352 131.91876392445698 10.995586599753754 9.322237589079531 0.2212011921915663 0.9752281951282119 0.3
9.630830400344463 131.96668050204312 10.587910903428615 4.067195065252533 0.008733978263869279 0.9999618580844403 0.3
9.542785046477439 132.01911527619225 10.436214622717015 2.913421683673156 0.013084451949057616 0.9999143948944793 0.3
9.625884038927266 132.01499810332865 9.149750253779693 2.406026934345189 0.07598804803361382 0.9971087285527297 0.3
9.606470951818508 131.97946079989808 8.79748648486946 2.077648979745014 0.09827242000770466 0.9951595507584848 0.3
9.427642343395922 132.03595237971885 9.078826735404522 1.7740718053006679 0.10212472482048471 0.9947716022184893 0.3
9.627809802074639 132.01922676237172 7.730762140645814 1.6983731870086909 0.10098598690861767 0.99488784817591 0.3
9.5922310449964 132.00048557908963 7.9338108320392156 1.5852666417832204 0.12819411567206696 0.9917490956421673 0.3
9.598787633922141 131.99604427477968 4.97273744984034 1.4771007085642975 0.1719768256263139 0.9851009955570528 0.3
9.65569748498421 131.99194351781082 3.486029830294127 1.443169930694026 0.1799574699514225 0.983674391762174 0.3
9.57106573644949 131.95769054256817 3.256923078827215 1.4475591771597833 0.1414683295576893 0.9899427820496278 0.3
9.577889353622064 132.0149060273241 2.648349166287928 1.4066279087187306 0.0969347770778999 0.9952907359123051 0.3
9.594856778845703 132.02603525002203 2.6393937451472564 1.3267146540629051 0.08655743168424872 0.9962468624895271 0.3
9.594856778845703 132.02603525002203 2.6393937451472564 1.3267146540629051 0.08655743168424872 0.9962468624895271 0.3
9.594856778845703 132.02603525002203 2.6393937451472564 1.3267146540629051 0.08655743168424872 0.9962468624895271 0.3
9.594856778845703 132.02603525002203 2.6393937451472564 1.3267146540629051 0.08655743168424872 0.9962468624895271 0.3
9.594856778845703 132.02603525002203 2.6393937451472564 1.3267146540629051 0.08655743168424872 0.9962468624895271 0.3
9.594856778845703 132.02603525002203 2.6393937451472564 1.3267146540629051 0.08655743168424872 0.9962468624895271 0.3
9.594856778845703 132.02603525002203 2.6393937451472564 1.3267146540629051 0.08655743168424872 0.9962468624895271 0.3
9.594856778845703 132.02603525002203 2.6393937451472564 1.3267146540629051 0.08655743168424872 0.9962468624895271 0.3
9.594856778845703 132.02603525002203 2.6393937451472564 1.3267146540629051 0.08655743168424872 0.9962468624895271 0.3
9.594856778845703 132.02603525002203 2.6393937451472564 1.3267146540629051 0.08655743168424872 0.9962468624895271 0.3
9.594856778845703 132.02603525002203 2.6393937451472564 1.3267146540629051 0.08655743168424872 0.9962468624895271 0.3
9.594856778845703 132.02603525002203 2.6393937451472564 1.3267146540629051 0.08655743168424872 0.9962468624895271 0.3
9.594856778845703 132.02603525002203 2.6393937451472564 1.3267146540629051 0.08655743168424872 0.9962468624895271 0.3
9.594856778845703 132.02603525002203 2.6393937451472564 1.3267146540629051 0.08655743168424872 0.9962468624895271 0.3
9.594856778845703 132.02603525002203 2.6393937451472564 1.3267146540629051 0.08655743168424872 0.9962468624895271 0.3
9.594856778845703 132.02603525002203 2.6393937451472564 1.3267146540629051 0.08655743168424872 0.9962468624895271 0.3
9.594856778845703 132.02603525002203 2.6393937451472564 1.3267146540629051 0.08655743168424872 0.9962468624895271 0.3
9.594856778845703 132.02603525002203 2.6393937451472564 1.3267146540629051 0.08655743168424872 0.9962468624895271 0.3
9.594856778845703 132.02603525002203 2.6393937451472564 1.3267146540629051 0.08655743168424872 0.9962468624895271 0.3
9.594856778845703 132.02603525002203 2.6393937451472564 1.3267146540629051 0.08655743168424872 0.9962468624895271 0.3
9.594856778845703 132.02603525002203 2.6393937451472564 1.3267146540629051 0.08655743168424872 0.9962468624895271 0.3
9.594856778845703 132.02603525002203 2.6393937451472564 1.3267146540629051 0.08655743168424872 0.9962468624895271 0.3
9.594856778845703 132.02603525002203 2.6393937451472564 1.3267146540629051 0.08655743168424872 0.9962468624895271 0.3
9.594856778845703 132.02603525002203 2.6393937451472564 1.3267146540629051 0.08655743168424872 0.9962468624895271 0.3
9.594856778845703 132.02603525002203 2.6393937451472564 1.3267146540629051 0.08655743168424872 0.9962468624895271 0.3
9.594856778845703 132.02603525002203 2.6393937451472564 1.3267146540629051 0.08655743168424872 0.9962468624895271 0.3
9.594856778845703 132.02603525002203 2.6393937451472564 1.3267146540629051 0.08655743168424872 0.9962468624895271 0.3
9.594856778845703 132.02603525002203 2.6393937451472564 1.3267146540629051 0.08655743168424872 0.9962468624895271 0.3
9.594856778845703 132.02603525002203 2.6393937451472564 1.3267146540629051 0.08655743168424872 0.9962468624895271 0.3
9.594856778845703 132.02603525002203 2.6393937451472564 1.3267146540629051 0.08655743168424872 0.9962468624895271 0.3
9.594856778845703 132.02603525002203 2.6393937451472564 1.3267146540629051 0.08655743168424872 0.9962468624895271 0.3
9.561645926816151 132.01729357710713 2.5110004082702253 1.3267942047292496 0.11383511953633035 0.993499655541032 0.3
9.59721743944084 132.0021162191747 2.4540591024239387 1.2618203628989473 0.007728372316182331 0.9999701356847326 0.3
9.592199737300465 131.97311047669768 2.4616946282914265 1.1739061404539681 0.02998330124596422 0.9995503997530059 0.3
9.569571593934034 132.00787179689837 2.3819824449516176 1.16622480687287 0.03254712989316792 0.9994702018248054 0.3
9.581988011527905 132.01327382352028 2.3841341415034085 1.1842539411778152 0.03808919313094532 0.9992743433945622 0.3
9.576419307182496 131.99287983637024 2.1308543072465076 1.2034900545785834 0.03860324945080518 0.9992546167678381 0.3
9.562697155370246 132.01502543494803 2.101105250087526 1.2071616096312494 0.03993619309426938 0.9992022320236966 0.3
9.586175738711885 131.99892312612522 1.9897865882874677 0.9899727280591495 0.07854251232619382 0.9969107651928981 0.3
9.594181925539072 131.9994128604759 2.026792323767786 1.0049274276510494 0.040184639672977744 0.9991922711542324 0.3
9.604814431346997 132.00477146147625 1.7642230934783028 1.034700035050624 0.06690008809857946 0.9977596795884279 0.3
9.660861925399763 132.0075786182781 1.905810395475974 0.9384846863527732 0.06735146870711393 0.9977293118190899 0.3
9.588758164980687 132.00729950362472 1.8084927572802778 1.002093674033384 0.07907583753927754 0.9968686031355696 0.3
9.622250900237002 131.99740156296792 1.5573683519921722 1.0755217844525435 0.10915256402156305 0.9940250086227803 0.3
9.595992451513393 132.00779541353356 1.6389038317036357 0.9294421281541192 0.08963638134169694 0.9959745574762269 0.3
9.595992451513393 132.00779541353356 1.6389038317036357 0.9294421281541192 0.08963638134169694 0.9959745574762269 0.3
9.595992451513393 132.00779541353356 1.6389038317036357 0.9294421281541192 0.08963638134169694 0.9959745574762269 0.3
9.595992451513393 132.00779541353356 1.6389038317036357 0.9294421281541192 0.08963638134169694 0.9959745574762269 0.3
9.595992451513393 132.00779541353356 1.6389038317036357 0.9294421281541192 0.08963638134169694 0.9959745574762269 0.3
9.595992451513393 132.00779541353356 1.6389038317036357 0.9294421281541192 0.08963638134169694 0.9959745574762269 0.3
9.595992451513393 132.00779541353356 1.6389038317036357 0.9294421281541192 0.08963638134169694 0.9959745574762269 0.3
9.603819012056828 131.9841024869994 1.414355088138143 0.9371501289995676 0.15111133012930564 0.9885167504430827 0.3
9.602919457281585 131.9854020357752 1.5189467514539299 1.061190609156213 0.15814735240828964 0.9874155229315813 0.3
9.593482572866531 131.99209400543458 1.4254422395685853 0.9404206674049553 0.13193053033543617 0.991258964733944 0.3
9.600471462038556 131.99120467388337 1.35688584913265 0.9217994851250397 0.2674813332093847 0.9635630422471225 0.3
9.600471462038556 131.99120467388337 1.35688584913265 0.9217994851250397 0.2674813332093847 0.9635630422471225 0.3
9.600471462038556 131.99120467388337 1.35688584913265 0.9217994851250397 0.2674813332093847 0.9635630422471225 0.3
9.600471462038556 131.99120467388337 1.35688584913265 0.9217994851250397 0.2674813332093847 0.9635630422471225 0.3
9.600471462038556 131.99120467388337 1.35688584913265 0.9217994851250397 0.2674813332093847 0.9635630422471225 0.3
9.600471462038556 131.99120467388337 1.35688584913265 0.9217994851250397 0.2674813332093847 0.9635630422471225 0.3
9.600471462038556 131.99120467388337 1.35688584913265 0.9217994851250397 0.2674813332093847 0.9635630422471225 0.3
9.600471462038556 131.99120467388337 1.35688584913265 0.9217994851250397 0.2674813332093847 0.9635630422471225 0.3
9.600471462038556 131.99120467388337 1.35688584913265 0.9217994851250397 0.2674813332093847 0.9635630422471225 0.3
9.600471462038556 131.99120467388337 1.35688584913265 0.9217994851250397 0.2674813332093847 0.9635630422471225 0.3
9.600471462038556 131.99120467388337 1.35688584913265 0.9217994851250397 0.2674813332093847 0.9635630422471225 0.3
9.600471462038556 131.99120467388337 1.35688584913265 0.9217994851250397 0.2674813332093847 0.9635630422471225 0.3
9.600471462038556 131.99120467388337 1.35688584913265 0.9217994851250397 0.2674813332093847 0.9635630422471225 0.3
9.600471462038556 131.99120467388337 1.35688584913265 0.9217994851250397 0.2674813332093847 0.9635630422471225 0.3
9.600471462038556 131.99120467388337 1.35688584913265 0.9217994851250397 0.2674813332093847 0.9635630422471225 0.3
9.600471462038556 131.99120467388337 1.35688584913265 0.9217994851250397 0.2674813332093847 0.9635630422471225 0.3
9.600471462038556 131.99120467388337 1.35688584913265 0.9217994851250397 0.2674813332093847 0.9635630422471225 0.3
9.600471462038556 131.99120467388337 1.35688584913265 0.9217994851250397 0.2674813332093847 0.9635630422471225 0.3
9.600471462038556 131.99120467388337 1.35688584913265 0.9217994851250397 0.2674813332093847 0.9635630422471225 0.3
9.600471462038556 131.99120467388337 1.35688584913265 0.9217994851250397 0.2674813332093847 0.9635630422471225 0.3
9.600471462038556 131.99120467388337 1.35688584913265 0.9217994851250397 0.2674813332093847 0.9635630422471225 0.3
9.600471462038556 131.99120467388337 1.35688584913265 0.9217994851250397 0.2674813332093847 0.9635630422471225 0.3
9.600471462038556 131.99120467388337 1.35688584913265 0.9217994851250397 0.2674813332093847 0.9635630422471225 0.3
9.600471462038556 131.99120467388337 1.35688584913265 0.9217994851250397 0.2674813332093847 0.9635630422471225 0.3
9.600471462038556 131.99120467388337 1.35688584913265 0.9217994851250397 0.2674813332093847 0.9635630422471225 0.3
9.600471462038556 131.99120467388337 1.35688584913265 0.9217994851250397 0.2674813332093847 0.9635630422471225 0.3
9.600471462038556 131.99120467388337 1.35688584913265 0.9217994851250397 0.2674813332093847 0.9635630422471225 0.3
9.600471462038556 131.99120467388337 1.35688584913265 0.9217994851250397 0.2674813332093847 0.9635630422471225 0.3
9.600471462038556 131.99120467388337 1.35688584913265 0.9217994851250397 0.2674813332093847 0.9635630422471225 0.3
9.600471462038556 131.99120467388337 1.35688584913265 0.9217994851250397 0.2674813332093847 0.9635630422471225 0.3
9.600471462038556 131.99120467388337 1.35688584913265 0.9217994851250397 0.2674813332093847 0.9635630422471225 0.3
9.600471462038556 131.99120467388337 1.35688584913265 0.9217994851250397 0.2674813332093847 0.9635630422471225 0.3
9.600471462038556 131.99120467388337 1.35688584913265 0.9217994851250397 0.2674813332093847 0.9635630422471225 0.3
9.600471462038556 131.99120467388337 1.35688584913265 0.9217994851250397 0.2674813332093847 0.9635630422471225 0.3
9.600471462038556 131.99120467388337 1.35688584913265 0.9217994851250397 0.2674813332093847 0.9635630422471225 0.3
9.600471462038556 131.99120467388337 1.35688584913265 0.9217994851250397 0.2674813332093847 0.9635630422471225 0.3
9.600471462038556 131.99120467388337 1.35688584913265 0.9217994851250397 0.2674813332093847 0.9635630422471225 0.3
9.600471462038556 131.99120467388337 1.35688584913265 0.9217994851250397 0.2674813332093847 0.9635630422471225 0.3
9.600471462038556 131.99120467388337 1.35688584913265 0.9217994851250397 0.2674813332093847 0.9635630422471225 0.3
9.600471462038556 131.99120467388337 1.35688584913265 0.9217994851250397 0.2674813332093847 0.9635630422471225 0.3
9.600471462038556 131.99120467388337 1.35688584913265 0.9217994851250397 0.2674813332093847 0.9635630422471225 0.3
9.600471462038556 131.99120467388337 1.35688584913265 0.9217994851250397 0.2674813332093847 0.9635630422471225 0.3
9.600471462038556 131.99120467388337 1.35688584913265 0.9217994851250397 0.2674813332093847 0.9635630422471225 0.3
9.600471462038556 131.99120467388337 1.35688584913265 0.9217994851250397 0.2674813332093847 0.9635630422471225 0.3
9.600471462038556 131.99120467388337 1.35688584913265 0.9217994851250397 0.2674813332093847 0.9635630422471225 0.3
9.600471462038556 131.99120467388337 1.35688584913265 0.9217994851250397 0.2674813332093847 0.9635630422471225 0.3
9.600471462038556 131.99120467388337 1.35688584913265 0.9217994851250397 0.2674813332093847 0.9635630422471225 0.3
9.600471462038556 131.99120467388337 1.35688584913265 0.9217994851250397 0.2674813332093847 0.9635630422471225 0.3
9.600471462038556 131.99120467388337 1.35688584913265 0.9217994851250397 0.2674813332093847 0.9635630422471225 0.3
9.600471462038556 131.99120467388337 1.35688584913265 0.9217994851250397 0.2674813332093847 0.9635630422471225 0.3
9.600471462038556 131.99120467388337 1.35688584913265 0.9217994851250397 0.2674813332093847 0.9635630422471225 0.3
9.600471462038556 131.99120467388337 1.35688584913265 0.9217994851250397 0.2674813332093847 0.9635630422471225 0.3
9.600471462038556 131.99120467388337 1.35688584913265 0.9217994851250397 0.2674813332093847 0.9635630422471225 0.3
9.600471462038556 131.99120467388337 1.35688584913265 0.9217994851250397 0.2674813332093847 0.9635630422471225 0.3
9.600471462038556 131.99120467388337 1.35688584913265 0.9217994851250397 0.2674813332093847 0.9635630422471225 0.3
9.600471462038556 131.99120467388337 1.35688584913265 0.9217994851250397 0.2674813332093847 0.9635630422471225 0.3
9.600471462038556 131.99120467388337 1.35688584913265 0.9217994851250397 0.2674813332093847 0.9635630422471225 0.3
9.600471462038556 131.99120467388337 1.35688584913265 0.9217994851250397 0.2674813332093847 0.9635630422471225 0.3
9.600471462038556 131.99120467388337 1.35688584913265 0.9217994851250397 0.2674813332093847 0.9635630422471225 0.3
9.600471462038556 131.99120467388337 1.35688584913265 0.9217994851250397 0.2674813332093847 0.9635630422471225 0.3
9.600471462038556 131.99120467388337 1.35688584913265 0.9217994851250397 0.2674813332093847 0.9635630422471225 0.3
9.600471462038556 131.99120467388337 1.35688584913265 0.9217994851250397 0.2674813332093847 0.9635630422471225 0.3
9.600471462038556 131.99120467388337 1.35688584913265 0.9217994851250397 0.2674813332093847 0.9635630422471225 0.3
9.600471462038556 131.99120467388337 1.35688584913265 0.9217994851250397 0.2674813332093847 0.9635630422471225 0.3
9.600471462038556 131.99120467388337 1.35688584913265 0.9217994851250397 0.2674813332093847 0.9635630422471225 0.3
9.600471462038556 131.99120467388337 1.35688584913265 0.9217994851250397 0.2674813332093847 0.9635630422471225 0.3
9.600471462038556 131.99120467388337 1.35688584913265 0.9217994851250397 0.2674813332093847 0.9635630422471225 0.3
9.600471462038556 131.99120467388337 1.35688584913265 0.9217994851250397 0.2674813332093847 0.9635630422471225 0.3
9.600471462038556 131.99120467388337 1.35688584913265 0.9217994851250397 0.2674813332093847 0.9635630422471225 0.3
9.600471462038556 131.99120467388337 1.35688584913265 0.9217994851250397 0.2674813332093847 0.9635630422471225 0.3
9.600471462038556 131.99120467388337 1.35688584913265 0.9217994851250397 0.2674813332093847 0.9635630422471225 0.3
9.600471462038556 131.99120467388337 1.35688584913265 0.9217994851250397 0.2674813332093847 0.9635630422471225 0.3
9.600471462038556 131.99120467388337 1.35688584913265 0.9217994851250397 0.2674813332093847 0.9635630422471225 0.3
9.600471462038556 131.99120467388337 1.35688584913265 0.9217994851250397 0.2674813332093847 0.9635630422471225 0.3
9.600471462038556 131.99120467388337 1.35688584913265 0.9217994851250397 0.2674813332093847 0.9635630422471225 0.3
9.600471462038556 131.99120467388337 1.35688584913265 0.9217994851250397 0.2674813332093847 0.9635630422471225 0.3
