24.781894823897833 66.65690468013396 10.408506388775498 12.359314022158033 0.9999928794988633 0.0037737185337450045 5
24.781894823897833 66.65690468013396 10.408506388775498 12.359314022158033 0.9999928794988633 0.0037737185337450045 0.3
24.781894823897833 66.65690468013396 10.408506388775498 12.359314022158033 0.9999928794988633 0.0037737185337450045 0.3
24.781894823897833 66.65690468013396 10.408506388775498 12.359314022158033 0.9999928794988633 0.0037737185337450045 0.3
24.781894823897833 66.65690468013396 10.408506388775498 12.359314022158033 0.9999928794988633 0.0037737185337450045 0.3
24.781894823897833 66.65690468013396 10.408506388775498 12.359314022158033 0.9999928794988633 0.0037737185337450045 0.3
24.781894823897833 66.65690468013396 10.408506388775498 12.359314022158033 0.9999928794988633 0.0037737185337450045 0.3
24.781894823897833 66.65690468013396 10.408506388775498 12.359314022158033 0.9999928794988633 0.0037737185337450045 0.3
24.781894823897833 66.65690468013396 10.408506388775498 12.359314022158033 0.9999928794988633 0.0037737185337450045 0.3
24.781894823897833 66.65690468013396 10.408506388775498 12.359314022158033 0.9999928794988633 0.0037737185337450045 0.3
24.781894823897833 66.65690468013396 10.408506388775498 12.359314022158033 0.9999928794988633 0.0037737185337450045 0.3
24.781894823897833 66.65690468013396 10.408506388775498 12.359314022158033 0.9999928794988633 0.0037737185337450045 0.3
24.781894823897833 66.65690468013396 10.408506388775498 12.359314022158033 0.9999928794988633 0.0037737185337450045 0.3
24.781894823897833 66.65690468013396 10.408506388775498 12.359314022158033 0.9999928794988633 0.0037737185337450045 0.3
24.781894823897833 66.65690468013396 10.408506388775498 12.359314022158033 0.9999928794988633 0.0037737185337450045 0.3
24.781894823897833 66.65690468013396 10.408506388775498 12.359314022158033 0.9999928794988633 0.0037737185337450045 0.3
24.781894823897833 66.65690468013396 10.408506388775498 12.359314022158033 0.9999928794988633 0.0037737185337450045 0.3
24.781894823897833 66.65690468013396 10.408506388775498 12.359314022158033 0.9999928794988633 0.0037737185337450045 0.3
24.781894823897833 66.65690468013396 10.408506388775498 12.359314022158033 0.9999928794988633 0.0037737185337450045 0.3
24.781894823897833 66.65690468013396 10.408506388775498 12.359314022158033 0.9999928794988633 0.0037737185337450045 0.3
25.176313853764956 66.9739245977282 10.341953071130241 3.8126229223372103 0.07588232823494648 0.9971167796510315 0.3
25.07651954580168 66.94848123607807 9.1194153977675 2.9748510739220624 0.14152711342288632 0.9899343797273562 0.3
24.988622206615037 67.03534054641368 9.499164883742928 2.3539904062856465 0.18105244414203317 0.9834734426867845 0.3
25.05038842572446 67.01795514426797 5.419346592381155 1.997135333805921 0.07780589283418377 0.9969685266046644 0.3
24.92171414902533 67.00389982343464 4.684390974588501 1.7165748107697878 0.0339274186269991 0.9994242994170736 0.3
25.006801531999958 66.98207076852019 4.06216951068704 1.6161307266710958 0.028907390470574165 0.9995820940654058 0.3
24.98598362032168 67.01464886446774 4.179444641816586 1.4685513299197117 0.026727928203503327 0.9996427451114465 0.3
25.01249348603127 67.0170424837802 4.154618066765663 1.3721673294118657 0.06209121067989967 0.9980704792529956 0.3
25.016948495501083 67.00095521906897 3.994049295459212 1.264473002962949 0.06060135630125544 0.9981620487748711 0.3
25.027557732327296 67.0024757111602 3.8827382887412636 1.1018489164278438 0.07805814630333623 0.9969488080115684 0.3
25.027557732327296 67.0024757111602 3.8827382887412636 1.1018489164278438 0.07805814630333623 0.9969488080115684 0.3
25.027557732327296 67.0024757111602 3.8827382887412636 1.1018489164278438 0.07805814630333623 0.9969488080115684 0.3
25.027557732327296 67.0024757111602 3.8827382887412636 1.1018489164278438 0.07805814630333623 0.9969488080115684 0.3
25.027557732327296 67.0024757111602 3.8827382887412636 1.1018489164278438 0.07805814630333623 0.9969488080115684 0.3
25.027557732327296 67.0024757111602 3.8827382887412636 1.1018489164278438 0.07805814630333623 0.9969488080115684 0.3
25.027557732327296 67.0024757111602 3.8827382887412636 1.1018489164278438 0.07805814630333623 0.9969488080115684 0.3
25.027557732327296 67.0024757111602 3.8827382887412636 1.1018489164278438 0.07805814630333623 0.9969488080115684 0.3
25.027557732327296 67.0024757111602 3.8827382887412636 1.1018489164278438 0.07805814630333623 0.9969488080115684 0.3
25.027557732327296 67.0024757111602 3.8827382887412636 1.1018489164278438 0.07805814630333623 0.9969488080115684 0.3
25.027557732327296 67.0024757111602 3.8827382887412636 1.1018489164278438 0.07805814630333623 0.9969488080115684 0.3
25.027557732327296 67.0024757111602 3.8827382887412636 1.1018489164278438 0.07805814630333623 0.9969488080115684 0.3
25.027557732327296 67.0024757111602 3.8827382887412636 1.1018489164278438 0.07805814630333623 0.9969488080115684 0.3
25.027557732327296 67.0024757111602 3.8827382887412636 1.1018489164278438 0.07805814630333623 0.9969488080115684 0.3
25.027557732327296 67.0024757111602 3.8827382887412636 1.1018489164278438 0.07805814630333623 0.9969488080115684 0.3
25.027557732327296 67.0024757111602 3.8827382887412636 1.1018489164278438 0.07805814630333623 0.9969488080115684 0.3
25.027557732327296 67.0024757111602 3.8827382887412636 1.1018489164278438 0.07805814630333623 0.9969488080115684 0.3
25.027557732327296 67.0024757111602 3.8827382887412636 1.1018489164278438 0.07805814630333623 0.9969488080115684 0.3
25.027557732327296 67.0024757111602 3.8827382887412636 1.1018489164278438 0.07805814630333623 0.9969488080115684 0.3
25.027557732327296 67.0024757111602 3.8827382887412636 1.1018489164278438 0.07805814630333623 0.9969488080115684 0.3
25.027557732327296 67.0024757111602 3.8827382887412636 1.1018489164278438 0.07805814630333623 0.9969488080115684 0.3
25.027557732327296 67.0024757111602 3.8827382887412636 1.1018489164278438 0.07805814630333623 0.9969488080115684 0.3
25.027557732327296 67.0024757111602 3.8827382887412636 1.1018489164278438 0.07805814630333623 0.9969488080115684 0.3
25.027557732327296 67.0024757111602 3.8827382887412636 1.1018489164278438 0.07805814630333623 0.9969488080115684 0.3
25.027557732327296 67.0024757111602 3.8827382887412636 1.1018489164278438 0.07805814630333623 0.9969488080115684 0.3
25.027557732327296 67.0024757111602 3.8827382887412636 1.1018489164278438 0.07805814630333623 0.9969488080115684 0.3
24.99600321622927 67.01953529959265 2.8904792745068297 1.195930733142112 0.07540174868374432 0.9971532361154094 0.3
25.031144989141723 67.01073505601212 2.3496498524066975 0.2210948172714911 0.1821637675265788 0.9832682044084018 0.3
24.997349199205846 66.99984565031889 1.957077091773153 0.21160613629511515 0.17943068474946774 0.9837706182694913 0.3
24.989188357499774 66.99633535372341 1.7226089400525422 0.21521220454288248 0.1818834011264573 0.9833201047444684 0.3
25.011149268460247 67.00470117057505 1.5072853355001552 0.24278895965390174 0.17727044878931994 0.9841621756529932 0.3
25.011575815109936 67.00757873081972 1.6617452993674129 0.22095028703396913 0.1845523279240902 0.9828226891244417 0.3
25.011575815109936 67.00757873081972 1.6617452993674129 0.22095028703396913 0.1845523279240902 0.9828226891244417 0.3
25.011575815109936 67.00757873081972 1.6617452993674129 0.22095028703396913 0.1845523279240902 0.9828226891244417 0.3
25.011575815109936 67.00757873081972 1.6617452993674129 0.22095028703396913 0.1845523279240902 0.9828226891244417 0.3
25.011575815109936 67.00757873081972 1.6617452993674129 0.22095028703396913 0.1845523279240902 0.9828226891244417 0.3
24.988659273650693 66.99518180246906 1.5370753334451237 0.2244264493927311 0.17965349939967104 0.9837299528597533 0.3
24.989879550250098 66.99296092955628 1.6119961690234388 0.21412581118224783 0.18035687280574536 0.9836012395436131 0.3
24.989879550250098 66.99296092955628 1.6119961690234388 0.21412581118224783 0.18035687280574536 0.9836012395436131 0.3
24.989879550250098 66.99296092955628 1.6119961690234388 0.21412581118224783 0.18035687280574536 0.9836012395436131 0.3
24.989879550250098 66.99296092955628 1.6119961690234388 0.21412581118224783 0.18035687280574536 0.9836012395436131 0.3
24.989879550250098 66.99296092955628 1.6119961690234388 0.21412581118224783 0.18035687280574536 0.9836012395436131 0.3
24.989879550250098 66.99296092955628 1.6119961690234388 0.21412581118224783 0.18035687280574536 0.9836012395436131 0.3
24.989879550250098 66.99296092955628 1.6119961690234388 0.21412581118224783 0.18035687280574536 0.9836012395436131 0.3
24.989879550250098 66.99296092955628 1.6119961690234388 0.21412581118224783 0.18035687280574536 0.9836012395436131 0.3
24.989879550250098 66.99296092955628 1.6119961690234388 0.21412581118224783 0.18035687280574536 0.9836012395436131 0.3
24.989879550250098 66.99296092955628 1.6119961690234388 0.21412581118224783 0.18035687280574536 0.9836012395436131 0.3
24.989879550250098 66.99296092955628 1.6119961690234388 0.21412581118224783 0.18035687280574536 0.9836012395436131 0.3
24.989879550250098 66.99296092955628 1.6119961690234388 0.21412581118224783 0.18035687280574536 0.9836012395436131 0.3
24.989879550250098 66.99296092955628 1.6119961690234388 0.21412581118224783 0.18035687280574536 0.9836012395436131 0.3
24.989879550250098 66.99296092955628 1.6119961690234388 0.21412581118224783 0.18035687280574536 0.9836012395436131 0.3
24.989879550250098 66.99296092955628 1.6119961690234388 0.21412581118224783 0.18035687280574536 0.9836012395436131 0.3
24.989879550250098 66.99296092955628 1.6119961690234388 0.21412581118224783 0.18035687280574536 0.9836012395436131 0.3
24.989879550250098 66.99296092955628 1.6119961690234388 0.21412581118224783 0.18035687280574536 0.9836012395436131 0.3
24.989879550250098 66.99296092955628 1.6119961690234388 0.21412581118224783 0.18035687280574536 0.9836012395436131 0.3
24.989879550250098 66.99296092955628 1.6119961690234388 0.21412581118224783 0.18035687280574536 0.9836012395436131 0.3
24.989879550250098 66.99296092955628 1.6119961690234388 0.21412581118224783 0.18035687280574536 0.9836012395436131 0.3
24.989879550250098 66.99296092955628 1.6119961690234388 0.21412581118224783 0.18035687280574536 0.9836012395436131 0.3
24.989879550250098 66.99296092955628 1.6119961690234388 0.21412581118224783 0.18035687280574536 0.9836012395436131 0.3
24.989879550250098 66.99296092955628 1.6119961690234388 0.21412581118224783 0.18035687280574536 0.9836012395436131 0.3
24.989879550250098 66.99296092955628 1.6119961690234388 0.21412581118224783 0.18035687280574536 0.9836012395436131 0.3
24.989879550250098 66.99296092955628 1.6119961690234388 0.21412581118224783 0.18035687280574536 0.9836012395436131 0.3
24.989879550250098 66.99296092955628 1.6119961690234388 0.21412581118224783 0.18035687280574536 0.9836012395436131 0.3
24.989879550250098 66.99296092955628 1.6119961690234388 0.21412581118224783 0.18035687280574536 0.9836012395436131 0.3
24.989879550250098 66.99296092955628 1.6119961690234388 0.21412581118224783 0.18035687280574536 0.9836012395436131 0.3
24.989879550250098 66.99296092955628 1.6119961690234388 0.21412581118224783 0.18035687280574536 0.9836012395436131 0.3
24.989879550250098 66.99296092955628 1.6119961690234388 0.21412581118224783 0.18035687280574536 0.9836012395436131 0.3
24.989879550250098 66.99296092955628 1.6119961690234388 0.21412581118224783 0.18035687280574536 0.9836012395436131 0.3
24.989879550250098 66.99296092955628 1.6119961690234388 0.21412581118224783 0.18035687280574536 0.9836012395436131 0.3
24.989879550250098 66.99296092955628 1.6119961690234388 0.21412581118224783 0.18035687280574536 0.9836012395436131 0.3
24.989879550250098 66.99296092955628 1.6119961690234388 0.21412581118224783 0.18035687280574536 0.9836012395436131 0.3
24.989879550250098 66.99296092955628 1.6119961690234388 0.21412581118224783 0.18035687280574536 0.9836012395436131 0.3
24.989879550250098 66.99296092955628 1.6119961690234388 0.21412581118224783 0.18035687280574536 0.9836012395436131 0.3
24.989879550250098 66.99296092955628 1.6119961690234388 0.21412581118224783 0.18035687280574536 0.9836012395436131 0.3
24.989879550250098 66.99296092955628 1.6119961690234388 0.21412581118224783 0.18035687280574536 0.9836012395436131 0.3
24.989879550250098 66.99296092955628 1.6119961690234388 0.21412581118224783 0.18035687280574536 0.9836012395436131 0.3
24.989879550250098 66.99296092955628 1.6119961690234388 0.21412581118224783 0.18035687280574536 0.9836012395436131 0.3
24.989879550250098 66.99296092955628 1.6119961690234388 0.21412581118224783 0.18035687280574536 0.9836012395436131 0.3
24.989879550250098 66.99296092955628 1.6119961690234388 0.21412581118224783 0.18035687280574536 0.9836012395436131 0.3
24.989879550250098 66.99296092955628 1.6119961690234388 0.21412581118224783 0.18035687280574536 0.9836012395436131 0.3
24.989879550250098 66.99296092955628 1.6119961690234388 0.21412581118224783 0.18035687280574536 0.9836012395436131 0.3
24.989879550250098 66.99296092955628 1.6119961690234388 0.21412581118224783 0.18035687280574536 0.9836012395436131 0.3
24.989879550250098 66.99296092955628 1.6119961690234388 0.21412581118224783 0.18035687280574536 0.9836012395436131 0.3
24.989879550250098 66.99296092955628 1.6119961690234388 0.21412581118224783 0.18035687280574536 0.9836012395436131 0.3
24.989879550250098 66.99296092955628 1.6119961690234388 0.21412581118224783 0.18035687280574536 0.9836012395436131 0.3
24.989879550250098 66.99296092955628 1.6119961690234388 0.21412581118224783 0.18035687280574536 0.9836012395436131 0.3
24.989879550250098 66.99296092955628 1.6119961690234388 0.21412581118224783 0.18035687280574536 0.9836012395436131 0.3
24.989879550250098 66.99296092955628 1.6119961690234388 0.21412581118224783 0.18035687280574536 0.9836012395436131 0.3
24.989879550250098 66.99296092955628 1.6119961690234388 0.21412581118224783 0.18035687280574536 0.9836012395436131 0.3
24.989879550250098 66.99296092955628 1.6119961690234388 0.21412581118224783 0.18035687280574536 0.9836012395436131 0.3
24.989879550250098 66.99296092955628 1.6119961690234388 0.21412581118224783 0.18035687280574536 0.9836012395436131 0.3
24.989879550250098 66.99296092955628 1.6119961690234388 0.21412581118224783 0.18035687280574536 0.9836012395436131 0.3
24.989879550250098 66.99296092955628 1.6119961690234388 0.21412581118224783 0.18035687280574536 0.9836012395436131 0.3
24.989879550250098 66.99296092955628 1.6119961690234388 0.21412581118224783 0.18035687280574536 0.9836012395436131 0.3
24.989879550250098 66.99296092955628 1.6119961690234388 0.21412581118224783 0.18035687280574536 0.9836012395436131 0.3
24.989879550250098 66.99296092955628 1.6119961690234388 0.21412581118224783 0.18035687280574536 0.9836012395436131 0.3
24.989879550250098 66.99296092955628 1.6119961690234388 0.21412581118224783 0.18035687280574536 0.9836012395436131 0.3
24.989879550250098 66.99296092955628 1.6119961690234388 0.21412581118224783 0.18035687280574536 0.9836012395436131 0.3
24.989879550250098 66.99296092955628 1.6119961690234388 0.21412581118224783 0.18035687280574536 0.9836012395436131 0.3
24.989879550250098 66.99296092955628 1.6119961690234388 0.21412581118224783 0.18035687280574536 0.9836012395436131 0.3
24.989879550250098 66.99296092955628 1.6119961690234388 0.21412581118224783 0.18035687280574536 0.9836012395436131 0.3
24.989879550250098 66.99296092955628 1.6119961690234388 0.21412581118224783 0.18035687280574536 0.9836012395436131 0.3
24.989879550250098 66.99296092955628 1.6119961690234388 0.21412581118224783 0.18035687280574536 0.9836012395436131 0.3
24.989879550250098 66.99296092955628 1.6119961690234388 0.21412581118224783 0.18035687280574536 0.9836012395436131 0.3
24.989879550250098 66.99296092955628 1.6119961690234388 0.21412581118224783 0.18035687280574536 0.9836012395436131 0.3
24.989879550250098 66.99296092955628 1.6119961690234388 0.21412581118224783 0.18035687280574536 0.9836012395436131 0.3
24.989879550250098 66.99296092955628 1.6119961690234388 0.21412581118224783 0.18035687280574536 0.9836012395436131 0.3
24.989879550250098 66.99296092955628 1.6119961690234388 0.21412581118224783 0.18035687280574536 0.9836012395436131 0.3
24.989879550250098 66.99296092955628 1.6119961690234388 0.21412581118224783 0.18035687280574536 0.9836012395436131 0.3
24.989879550250098 66.99296092955628 1.6119961690234388 0.21412581118224783 0.18035687280574536 0.9836012395436131 0.3
24.989879550250098 66.99296092955628 1.6119961690234388 0.21412581118224783 0.18035687280574536 0.9836012395436131 0.3
24.989879550250098 66.99296092955628 1.6119961690234388 0.21412581118224783 0.18035687280574536 0.9836012395436131 0.3
24.989879550250098 66.99296092955628 1.6119961690234388 0.21412581118224783 0.18035687280574536 0.9836012395436131 0.3
24.989879550250098 66.99296092955628 1.6119961690234388 0.21412581118224783 0.18035687280574536 0.9836012395436131 0.3
24.989879550250098 66.99296092955628 1.6119961690234388 0.21412581118224783 0.18035687280574536 0.9836012395436131 0.3
24.989879550250098 66.99296092955628 1.6119961690234388 0.21412581118224783 0.18035687280574536 0.9836012395436131 0.3
24.989879550250098 66.99296092955628 1.6119961690234388 0.21412581118224783 0.18035687280574536 0.9836012395436131 0.3
24.989879550250098 66.99296092955628 1.6119961690234388 0.21412581118224783 0.18035687280574536 0.9836012395436131 0.3
24.989879550250098 66.99296092955628 1.6119961690234388 0.21412581118224783 0.18035687280574536 0.9836012395436131 0.3
24.989879550250098 66.99296092955628 1.6119961690234388 0.21412581118224783 0.18035687280574536 0.9836012395436131 0.3
24.989879550250098 66.99296092955628 1.6119961690234388 0.21412581118224783 0.18035687280574536 0.9836012395436131 0.3
24.989879550250098 66.99296092955628 1.6119961690234388 0.21412581118224783 0.18035687280574536 0.9836012395436131 0.3
24.989879550250098 66.99296092955628 1.6119961690234388 0.21412581118224783 0.18035687280574536 0.9836012395436131 0.3
24.989879550250098 66.99296092955628 1.6119961690234388 0.21412581118224783 0.18035687280574536 0.9836012395436131 0.3
24.989879550250098 66.99296092955628 1.6119961690234388 0.21412581118224783 0.18035687280574536 0.9836012395436131 0.3
24.989879550250098 66.99296092955628 1.6119961690234388 0.21412581118224783 0.18035687280574536 0.9836012395436131 0.3
24.989879550250098 66.99296092955628 1.6119961690234388 0.21412581118224783 0.18035687280574536 0.9836012395436131 0.3
24.989879550250098 66.99296092955628 1.6119961690234388 0.21412581118224783 0.18035687280574536 0.9836012395436131 0.3
24.989879550250098 66.99296092955628 1.6119961690234388 0.21412581118224783 0.18035687280574536 0.9836012395436131 0.3
24.989879550250098 66.99296092955628 1.6119961690234388 0.21412581118224783 0.18035687280574536 0.9836012395436131 0.3
24.989879550250098 66.99296092955628 1.6119961690234388 0.21412581118224783 0.18035687280574536 0.9836012395436131 0.3
24.989879550250098 66.99296092955628 1.6119961690234388 0.21412581118224783 0.18035687280574536 0.9836012395436131 0.3
24.989879550250098 66.99296092955628 1.6119961690234388 0.21412581118224783 0.18035687280574536 0.9836012395436131 0.3
24.989879550250098 66.99296092955628 1.6119961690234388 0.21412581118224783 0.18035687280574536 0.9836012395436131 0.3
24.989879550250098 66.99296092955628 1.6119961690234388 0.21412581118224783 0.18035687280574536 0.9836012395436131 0.3
24.989879550250098 66.99296092955628 1.6119961690234388 0.21412581118224783 0.18035687280574536 0.9836012395436131 0.3
24.989879550250098 66.99296092955628 1.6119961690234388 0.21412581118224783 0.18035687280574536 0.9836012395436131 0.3
24.989879550250098 66.99296092955628 1.6119961690234388 0.21412581118224783 0.18035687280574536 0.9836012395436131 0.3
24.989879550250098 66.99296092955628 1.6119961690234388 0.21412581118224783 0.18035687280574536 0.9836012395436131 0.3
24.989879550250098 66.99296092955628 1.6119961690234388 0.21412581118224783 0.18035687280574536 0.9836012395436131 0.3
24.989879550250098 66.99296092955628 1.6119961690234388 0.21412581118224783 0.18035687280574536 0.9836012395436131 0.3
24.989879550250098 66.99296092955628 1.6119961690234388 0.21412581118224783 0.18035687280574536 0.9836012395436131 0.3
24.989879550250098 66.99296092955628 1.6119961690234388 0.21412581118224783 0.18035687280574536 0.9836012395436131 0.3
24.989879550250098 66.99296092955628 1.6119961690234388 0.21412581118224783 0.18035687280574536 0.9836012395436131 0.3
24.989879550250098 66.99296092955628 1.6119961690234388 0.21412581118224783 0.18035687280574536 0.9836012395436131 0.3
24.989879550250098 66.99296092955628 1.6119961690234388 0.21412581118224783 0.18035687280574536 0.9836012395436131 0.3
24.989879550250098 66.99296092955628 1.6119961690234388 0.21412581118224783 0.18035687280574536 0.9836012395436131 0.3
24.989879550250098 66.99296092955628 1.6119961690234388 0.21412581118224783 0.18035687280574536 0.9836012395436131 0.3
24.989879550250098 66.99296092955628 1.6119961690234388 0.21412581118224783 0.18035687280574536 0.9836012395436131 0.3
24.989879550250098 66.99296092955628 1.6119961690234388 0.21412581118224783 0.18035687280574536 0.9836012395436131 0.3
24.989879550250098 66.99296092955628 1.6119961690234388 0.21412581118224783 0.18035687280574536 0.9836012395436131 0.3
24.989879550250098 66.99296092955628 1.6119961690234388 0.21412581118224783 0.18035687280574536 0.9836012395436131 0.3
24.989879550250098 66.99296092955628 1.6119961690234388 0.21412581118224783 0.18035687280574536 0.9836012395436131 0.3
24.989879550250098 66.99296092955628 1.6119961690234388 0.21412581118224783 0.18035687280574536 0.9836012395436131 0.3
24.989879550250098 66.99296092955628 1.6119961690234388 0.21412581118224783 0.18035687280574536 0.9836012395436131 0.3
24.989879550250098 66.99296092955628 1.6119961690234388 0.21412581118224783 0.18035687280574536 0.9836012395436131 0.3
24.989879550250098 66.99296092955628 1.6119961690234388 0.21412581118224783 0.18035687280574536 0.9836012395436131 0.3
24.989879550250098 66.99296092955628 1.6119961690234388 0.21412581118224783 0.18035687280574536 0.9836012395436131 0.3
