100.0800818867073 90.97509015465621 7.736690431935354 8.656338634426985 0.9543088391268668 0.2988220868080735 5
100.0800818867073 90.97509015465621 7.736690431935354 8.656338634426985 0.9543088391268668 0.2988220868080735 0.3
100.0800818867073 90.97509015465621 7.736690431935354 8.656338634426985 0.9543088391268668 0.2988220868080735 0.3
100.0800818867073 90.97509015465621 7.736690431935354 8.656338634426985 0.9543088391268668 0.2988220868080735 0.3
100.0800818867073 90.97509015465621 7.736690431935354 8.656338634426985 0.9543088391268668 0.2988220868080735 0.3
100.0800818867073 90.97509015465621 7.736690431935354 8.656338634426985 0.9543088391268668 0.2988220868080735 0.3
100.0800818867073 90.97509015465621 7.736690431935354 8.656338634426985 0.9543088391268668 0.2988220868080735 0.3
100.0800818867073 90.97509015465621 7.736690431935354 8.656338634426985 0.9543088391268668 0.2988220868080735 0.3
100.0800818867073 90.97509015465621 7.736690431935354 8.656338634426985 0.9543088391268668 0.2988220868080735 0.3
100.0800818867073 90.97509015465621 7.736690431935354 8.656338634426985 0.9543088391268668 0.2988220868080735 0.3
100.0800818867073 90.97509015465621 7.736690431935354 8.656338634426985 0.9543088391268668 0.2988220868080735 0.3
100.0800818867073 90.97509015465621 7.736690431935354 8.656338634426985 0.9543088391268668 0.2988220868080735 0.3
100.0800818867073 90.97509015465621 7.736690431935354 8.656338634426985 0.9543088391268668 0.2988220868080735 0.3
100.0800818867073 90.97509015465621 7.736690431935354 8.656338634426985 0.9543088391268668 0.2988220868080735 0.3
100.0800818867073 90.97509015465621 7.736690431935354 8.656338634426985 0.9543088391268668 0.2988220868080735 0.3
100.0800818867073 90.97509015465621 7.736690431935354 8.656338634426985 0.9543088391268668 0.2988220868080735 0.3
100.0800818867073 90.97509015465621 7.736690431935354 8.656338634426985 0.9543088391268668 0.2988220868080735 0.3
100.0800818867073 90.97509015465621 7.736690431935354 8.656338634426985 0.9543088391268668 0.2988220868080735 0.3
100.0800818867073 90.97509015465621 7.736690431935354 8.656338634426985 0.9543088391268668 0.2988220868080735 0.3
100.0800818867073 90.97509015465621 7.736690431935354 8.656338634426985 0.9543088391268668 0.2988220868080735 0.3
100.0800818867073 90.97509015465621 7.736690431935354 8.656338634426985 0.9543088391268668 0.2988220868080735 0.3
100.0800818867073 90.97509015465621 7.736690431935354 8.656338634426985 0.9543088391268668 0.2988220868080735 0.3
100.0800818867073 90.97509015465621 7.736690431935354 8.656338634426985 0.9543088391268668 0.2988220868080735 0.3
100.0800818867073 90.97509015465621 7.736690431935354 8.656338634426985 0.9543088391268668 0.2988220868080735 0.3
100.0800818867073 90.97509015465621 7.736690431935354 8.656338634426985 0.9543088391268668 0.2988220868080735 0.3
100.0800818867073 90.97509015465621 7.736690431935354 8.656338634426985 0.9543088391268668 0.2988220868080735 0.3
100.0800818867073 90.97509015465621 7.736690431935354 8.656338634426985 0.9543088391268668 0.2988220868080735 0.3
100.0800818867073 90.97509015465621 7.736690431935354 8.656338634426985 0.9543088391268668 0.2988220868080735 0.3
100.0800818867073 90.97509015465621 7.736690431935354 8.656338634426985 0.9543088391268668 0.2988220868080735 0.3
100.0800818867073 90.97509015465621 7.736690431935354 8.656338634426985 0.9543088391268668 0.2988220868080735 0.3
100.0800818867073 90.97509015465621 7.736690431935354 8.656338634426985 0.9543088391268668 0.2988220868080735 0.3
100.0800818867073 90.97509015465621 7.736690431935354 8.656338634426985 0.9543088391268668 0.2988220868080735 0.3
100.0800818867073 90.97509015465621 7.736690431935354 8.656338634426985 0.9543088391268668 0.2988220868080735 0.3
100.0800818867073 90.97509015465621 7.736690431935354 8.656338634426985 0.9543088391268668 0.2988220868080735 0.3
100.0800818867073 90.97509015465621 7.736690431935354 8.656338634426985 0.9543088391268668 0.2988220868080735 0.3
100.0800818867073 90.97509015465621 7.736690431935354 8.656338634426985 0.9543088391268668 0.2988220868080735 0.3
100.0800818867073 90.97509015465621 7.736690431935354 8.656338634426985 0.9543088391268668 0.2988220868080735 0.3
100.0800818867073 90.97509015465621 7.736690431935354 8.656338634426985 0.9543088391268668 0.2988220868080735 0.3
100.0800818867073 90.97509015465621 7.736690431935354 8.656338634426985 0.9543088391268668 0.2988220868080735 0.3
100.0800818867073 90.97509015465621 7.736690431935354 8.656338634426985 0.9543088391268668 0.2988220868080735 0.3
100.0800818867073 90.97509015465621 7.736690431935354 8.656338634426985 0.9543088391268668 0.2988220868080735 0.3
100.0800818867073 90.97509015465621 7.736690431935354 8.656338634426985 0.9543088391268668 0.2988220868080735 0.3
100.0800818867073 90.97509015465621 7.736690431935354 8.656338634426985 0.9543088391268668 0.2988220868080735 0.3
100.0800818867073 90.97509015465621 7.736690431935354 8.656338634426985 0.9543088391268668 0.2988220868080735 0.3
99.96593251033019 91.06083938680712 7.7993383885839975 3.6909561169127034 0.237624380034347 0.9713571197110218 0.3
100.09197731445282 90.89115140427337 8.622402294534334 3.1219757557510457 0.24079413894331586 0.9705762116652906 0.3
99.90254038946196 91.07203444868054 7.746896984632629 2.3679620578632745 0.24858756401038337 0.9686094274883884 0.3
99.81756880696612 91.0744685065281 8.154487225914144 1.9585170755584427 0.2340732769564756 0.9722189573418413 0.3
99.75723876173393 91.11953666450555 8.518054111333228 1.8074753229383735 0.24971974238008546 0.9683181554972641 0.3
100.02487996357078 90.99464591838867 9.289620275550106 1.7324552903512012 0.24498943839498855 0.9695257475048861 0.3
99.95281742177109 91.02703894461366 4.91617784606685 1.4749697519494722 0.2775979942478515 0.9606973267317703 0.3
99.93639336851037 91.03482833158999 4.1359269692543865 1.5144809150358385 0.3093642015235533 0.9509436317761922 0.3
99.93639336851037 91.03482833158999 4.1359269692543865 1.5144809150358385 0.3093642015235533 0.9509436317761922 0.3
99.93639336851037 91.03482833158999 4.1359269692543865 1.5144809150358385 0.3093642015235533 0.9509436317761922 0.3
99.93639336851037 91.03482833158999 4.1359269692543865 1.5144809150358385 0.3093642015235533 0.9509436317761922 0.3
100.01195165448938 91.00153939603003 3.57888283348227 1.5444224864658875 0.2709050164527521 0.962606083536113 0.3
99.99033723711229 91.01220780149795 3.119664897894161 1.403686709450295 0.26567890553188084 0.9640615743589109 0.3
99.98131552461722 91.0241646577141 3.012333472095108 1.2919501816803165 0.2297606821492265 0.9732471571694017 0.3
100.01070192253934 91.02914959437835 2.9351627452211133 1.3611200369337415 0.21854253063847445 0.9758274244466238 0.3
100.01070192253934 91.02914959437835 2.9351627452211133 1.3611200369337415 0.21854253063847445 0.9758274244466238 0.3
100.01070192253934 91.02914959437835 2.9351627452211133 1.3611200369337415 0.21854253063847445 0.9758274244466238 0.3
100.01070192253934 91.02914959437835 2.9351627452211133 1.3611200369337415 0.21854253063847445 0.9758274244466238 0.3
100.01070192253934 91.02914959437835 2.9351627452211133 1.3611200369337415 0.21854253063847445 0.9758274244466238 0.3
100.01070192253934 91.02914959437835 2.9351627452211133 1.3611200369337415 0.21854253063847445 0.9758274244466238 0.3
100.01070192253934 91.02914959437835 2.9351627452211133 1.3611200369337415 0.21854253063847445 0.9758274244466238 0.3
100.01070192253934 91.02914959437835 2.9351627452211133 1.3611200369337415 0.21854253063847445 0.9758274244466238 0.3
100.01070192253934 91.02914959437835 2.9351627452211133 1.3611200369337415 0.21854253063847445 0.9758274244466238 0.3
100.01070192253934 91.02914959437835 2.9351627452211133 1.3611200369337415 0.21854253063847445 0.9758274244466238 0.3
100.01070192253934 91.02914959437835 2.9351627452211133 1.3611200369337415 0.21854253063847445 0.9758274244466238 0.3
100.01070192253934 91.02914959437835 2.9351627452211133 1.3611200369337415 0.21854253063847445 0.9758274244466238 0.3
100.01070192253934 91.02914959437835 2.9351627452211133 1.3611200369337415 0.21854253063847445 0.9758274244466238 0.3
100.01070192253934 91.02914959437835 2.9351627452211133 1.3611200369337415 0.21854253063847445 0.9758274244466238 0.3
100.01070192253934 91.02914959437835 2.9351627452211133 1.3611200369337415 0.21854253063847445 0.9758274244466238 0.3
100.01070192253934 91.02914959437835 2.9351627452211133 1.3611200369337415 0.21854253063847445 0.9758274244466238 0.3
100.01070192253934 91.02914959437835 2.9351627452211133 1.3611200369337415 0.21854253063847445 0.9758274244466238 0.3
100.01070192253934 91.02914959437835 2.9351627452211133 1.3611200369337415 0.21854253063847445 0.9758274244466238 0.3
100.01070192253934 91.02914959437835 2.9351627452211133 1.3611200369337415 0.21854253063847445 0.9758274244466238 0.3
100.01070192253934 91.02914959437835 2.9351627452211133 1.3611200369337415 0.21854253063847445 0.9758274244466238 0.3
100.01070192253934 91.02914959437835 2.9351627452211133 1.3611200369337415 0.21854253063847445 0.9758274244466238 0.3
100.01070192253934 91.02914959437835 2.9351627452211133 1.3611200369337415 0.21854253063847445 0.9758274244466238 0.3
100.01070192253934 91.02914959437835 2.9351627452211133 1.3611200369337415 0.21854253063847445 0.9758274244466238 0.3
100.01070192253934 91.02914959437835 2.9351627452211133 1.3611200369337415 0.21854253063847445 0.9758274244466238 0.3
100.01070192253934 91.02914959437835 2.9351627452211133 1.3611200369337415 0.21854253063847445 0.9758274244466238 0.3
100.01070192253934 91.02914959437835 2.9351627452211133 1.3611200369337415 0.21854253063847445 0.9758274244466238 0.3
100.01070192253934 91.02914959437835 2.9351627452211133 1.3611200369337415 0.21854253063847445 0.9758274244466238 0.3
99.95629502631805 91.02712881621838 2.659397159935896 1.3898904444493043 0.23581666281334993 0.971797562015657 0.3
99.95592622904918 91.00991782127068 2.4423554885877943 1.2837444545435646 0.22901198552626686 0.973423602798554 0.3
99.98866315766838 90.99126042670778 2.332595660319014 1.2407481271386493 0.26184442672657493 0.9651100953736995 0.3
100.0183202762857 90.973200795835 2.08832756209958 1.2253876570977997 0.3100909311447075 0.9507069024793121 0.3
99.9938727512244 91.01752516721801 2.1793638071078303 1.2594301280849982 0.33765803746165146 0.9412688509334334 0.3
100.01412002815603 91.01166873793478 2.058238321165865 1.1675789595546564 0.305362755358153 0.9522360986856552 0.3
100.01412002815603 91.01166873793478 2.058238321165865 1.1675789595546564 0.305362755358153 0.9522360986856552 0.3
100.01412002815603 91.01166873793478 2.058238321165865 1.1675789595546564 0.305362755358153 0.9522360986856552 0.3
100.01412002815603 91.01166873793478 2.058238321165865 1.1675789595546564 0.305362755358153 0.9522360986856552 0.3
100.01412002815603 91.01166873793478 2.058238321165865 1.1675789595546564 0.305362755358153 0.9522360986856552 0.3
100.01412002815603 91.01166873793478 2.058238321165865 1.1675789595546564 0.305362755358153 0.9522360986856552 0.3
100.01412002815603 91.01166873793478 2.058238321165865 1.1675789595546564 0.305362755358153 0.9522360986856552 0.3
100.01412002815603 91.01166873793478 2.058238321165865 1.1675789595546564 0.305362755358153 0.9522360986856552 0.3
100.01412002815603 91.01166873793478 2.058238321165865 1.1675789595546564 0.305362755358153 0.9522360986856552 0.3
100.01412002815603 91.01166873793478 2.058238321165865 1.1675789595546564 0.305362755358153 0.9522360986856552 0.3
100.01412002815603 91.01166873793478 2.058238321165865 1.1675789595546564 0.305362755358153 0.9522360986856552 0.3
100.01412002815603 91.01166873793478 2.058238321165865 1.1675789595546564 0.305362755358153 0.9522360986856552 0.3
100.01412002815603 91.01166873793478 2.058238321165865 1.1675789595546564 0.305362755358153 0.9522360986856552 0.3
100.01412002815603 91.01166873793478 2.058238321165865 1.1675789595546564 0.305362755358153 0.9522360986856552 0.3
100.01412002815603 91.01166873793478 2.058238321165865 1.1675789595546564 0.305362755358153 0.9522360986856552 0.3
100.01412002815603 91.01166873793478 2.058238321165865 1.1675789595546564 0.305362755358153 0.9522360986856552 0.3
100.01412002815603 91.01166873793478 2.058238321165865 1.1675789595546564 0.305362755358153 0.9522360986856552 0.3
100.01412002815603 91.01166873793478 2.058238321165865 1.1675789595546564 0.305362755358153 0.9522360986856552 0.3
99.98804457237343 90.98613654159513 2.1202539370576376 1.1394944865172707 0.31511748667093364 0.9490526695574877 0.3
99.98791115081855 91.03218768925004 1.6675009179309341 1.0478734636923621 0.21563334489958788 0.9764744034368824 0.3
99.9871043927998 91.00714151157567 1.8762281272097687 1.0940908157584572 0.25511228318378393 0.9669114349146756 0.3
99.9871043927998 91.00714151157567 1.8762281272097687 1.0940908157584572 0.25511228318378393 0.9669114349146756 0.3
99.9871043927998 91.00714151157567 1.8762281272097687 1.0940908157584572 0.25511228318378393 0.9669114349146756 0.3
99.9871043927998 91.00714151157567 1.8762281272097687 1.0940908157584572 0.25511228318378393 0.9669114349146756 0.3
99.9871043927998 91.00714151157567 1.8762281272097687 1.0940908157584572 0.25511228318378393 0.9669114349146756 0.3
99.9871043927998 91.00714151157567 1.8762281272097687 1.0940908157584572 0.25511228318378393 0.9669114349146756 0.3
99.9871043927998 91.00714151157567 1.8762281272097687 1.0940908157584572 0.25511228318378393 0.9669114349146756 0.3
99.9871043927998 91.00714151157567 1.8762281272097687 1.0940908157584572 0.25511228318378393 0.9669114349146756 0.3
99.9871043927998 91.00714151157567 1.8762281272097687 1.0940908157584572 0.25511228318378393 0.9669114349146756 0.3
99.9871043927998 91.00714151157567 1.8762281272097687 1.0940908157584572 0.25511228318378393 0.9669114349146756 0.3
99.9871043927998 91.00714151157567 1.8762281272097687 1.0940908157584572 0.25511228318378393 0.9669114349146756 0.3
99.9871043927998 91.00714151157567 1.8762281272097687 1.0940908157584572 0.25511228318378393 0.9669114349146756 0.3
99.9871043927998 91.00714151157567 1.8762281272097687 1.0940908157584572 0.25511228318378393 0.9669114349146756 0.3
99.9871043927998 91.00714151157567 1.8762281272097687 1.0940908157584572 0.25511228318378393 0.9669114349146756 0.3
99.9871043927998 91.00714151157567 1.8762281272097687 1.0940908157584572 0.25511228318378393 0.9669114349146756 0.3
99.9871043927998 91.00714151157567 1.8762281272097687 1.0940908157584572 0.25511228318378393 0.9669114349146756 0.3
99.9871043927998 91.00714151157567 1.8762281272097687 1.0940908157584572 0.25511228318378393 0.9669114349146756 0.3
99.9871043927998 91.00714151157567 1.8762281272097687 1.0940908157584572 0.25511228318378393 0.9669114349146756 0.3
99.9871043927998 91.00714151157567 1.8762281272097687 1.0940908157584572 0.25511228318378393 0.9669114349146756 0.3
99.9871043927998 91.00714151157567 1.8762281272097687 1.0940908157584572 0.25511228318378393 0.9669114349146756 0.3
99.9871043927998 91.00714151157567 1.8762281272097687 1.0940908157584572 0.25511228318378393 0.9669114349146756 0.3
99.9871043927998 91.00714151157567 1.8762281272097687 1.0940908157584572 0.25511228318378393 0.9669114349146756 0.3
99.9871043927998 91.00714151157567 1.8762281272097687 1.0940908157584572 0.25511228318378393 0.9669114349146756 0.3
99.9871043927998 91.00714151157567 1.8762281272097687 1.0940908157584572 0.25511228318378393 0.9669114349146756 0.3
99.9871043927998 91.00714151157567 1.8762281272097687 1.0940908157584572 0.25511228318378393 0.9669114349146756 0.3
99.9871043927998 91.00714151157567 1.8762281272097687 1.0940908157584572 0.25511228318378393 0.9669114349146756 0.3
99.9871043927998 91.00714151157567 1.8762281272097687 1.0940908157584572 0.25511228318378393 0.9669114349146756 0.3
99.9871043927998 91.00714151157567 1.8762281272097687 1.0940908157584572 0.25511228318378393 0.9669114349146756 0.3
99.9871043927998 91.00714151157567 1.8762281272097687 1.0940908157584572 0.25511228318378393 0.9669114349146756 0.3
99.9871043927998 91.00714151157567 1.8762281272097687 1.0940908157584572 0.25511228318378393 0.9669114349146756 0.3
99.9871043927998 91.00714151157567 1.8762281272097687 1.0940908157584572 0.25511228318378393 0.9669114349146756 0.3
99.97177795384191 91.02519248333196 1.8729928688824637 1.0068057164855029 0.2572857849325984 0.9663353583883892 0.3
99.982886733655 91.01335323957113 1.882592044883538 1.0141946359668 0.224039768967964 0.97458000283239 0.3
99.98930711921686 90.98741766571246 1.8145186823451709 1.0459412786923485 0.22943855827712847 0.9733231467378718 0.3
99.9885785186023 91.02111932720533 1.859941791953622 0.9202369123033967 0.2652509416296874 0.9641794117095449 0.3
99.99117709276288 91.00738279279827 1.8635979403843268 0.866814807561735 0.26196998305337643 0.9650760218651242 0.3
99.99115164398125 91.00800957168478 1.5944814162042031 0.9035381385863492 0.3134953567094784 0.9495897331593244 0.3
100.02772566688334 90.99167283120343 1.7883699634482297 0.888966020205286 0.2996542235964172 0.9540478742080128 0.3
99.9946847867604 91.00189125552858 1.5502181828164088 0.8491845861837906 0.2757911980613191 0.9612175690611894 0.3
99.9946847867604 91.00189125552858 1.5502181828164088 0.8491845861837906 0.2757911980613191 0.9612175690611894 0.3
99.9946847867604 91.00189125552858 1.5502181828164088 0.8491845861837906 0.2757911980613191 0.9612175690611894 0.3
99.98353403614165 91.0164451246885 1.5638864742434735 0.8741002208191069 0.3099555585674607 0.9507510461278144 0.3
99.99707993672733 91.00749947476004 1.530330910700413 0.8283316566957168 0.35137046656274495 0.936236506032252 0.3
99.97657069768957 90.99667975382923 1.4275571940142937 0.778141626300622 0.3467356118097035 0.9379629073172087 0.3
100.0064317754962 91.00724379646189 0.891972596201444 1.4215079348760433 0.9335149968934722 0.3585383530042228 0.3
100.0064317754962 91.00724379646189 0.891972596201444 1.4215079348760433 0.9335149968934722 0.3585383530042228 0.3
100.0064317754962 91.00724379646189 0.891972596201444 1.4215079348760433 0.9335149968934722 0.3585383530042228 0.3
100.0064317754962 91.00724379646189 0.891972596201444 1.4215079348760433 0.9335149968934722 0.3585383530042228 0.3
100.0064317754962 91.00724379646189 0.891972596201444 1.4215079348760433 0.9335149968934722 0.3585383530042228 0.3
100.0064317754962 91.00724379646189 0.891972596201444 1.4215079348760433 0.9335149968934722 0.3585383530042228 0.3
100.0064317754962 91.00724379646189 0.891972596201444 1.4215079348760433 0.9335149968934722 0.3585383530042228 0.3
100.0064317754962 91.00724379646189 0.891972596201444 1.4215079348760433 0.9335149968934722 0.3585383530042228 0.3
100.0064317754962 91.00724379646189 0.891972596201444 1.4215079348760433 0.9335149968934722 0.3585383530042228 0.3
100.0064317754962 91.00724379646189 0.891972596201444 1.4215079348760433 0.9335149968934722 0.3585383530042228 0.3
100.0064317754962 91.00724379646189 0.891972596201444 1.4215079348760433 0.9335149968934722 0.3585383530042228 0.3
100.0064317754962 91.00724379646189 0.891972596201444 1.4215079348760433 0.9335149968934722 0.3585383530042228 0.3
100.0064317754962 91.00724379646189 0.891972596201444 1.4215079348760433 0.9335149968934722 0.3585383530042228 0.3
100.0064317754962 91.00724379646189 0.891972596201444 1.4215079348760433 0.9335149968934722 0.3585383530042228 0.3
100.0064317754962 91.00724379646189 0.891972596201444 1.4215079348760433 0.9335149968934722 0.3585383530042228 0.3
100.0064317754962 91.00724379646189 0.891972596201444 1.4215079348760433 0.9335149968934722 0.3585383530042228 0.3
100.0064317754962 91.00724379646189 0.891972596201444 1.4215079348760433 0.9335149968934722 0.3585383530042228 0.3
100.0064317754962 91.00724379646189 0.891972596201444 1.4215079348760433 0.9335149968934722 0.3585383530042228 0.3
100.0064317754962 91.00724379646189 0.891972596201444 1.4215079348760433 0.9335149968934722 0.3585383530042228 0.3
100.0064317754962 91.00724379646189 0.891972596201444 1.4215079348760433 0.9335149968934722 0.3585383530042228 0.3
100.0064317754962 91.00724379646189 0.891972596201444 1.4215079348760433 0.9335149968934722 0.3585383530042228 0.3
100.0064317754962 91.00724379646189 0.891972596201444 1.4215079348760433 0.9335149968934722 0.3585383530042228 0.3
100.0064317754962 91.00724379646189 0.891972596201444 1.4215079348760433 0.9335149968934722 0.3585383530042228 0.3
100.0064317754962 91.00724379646189 0.891972596201444 1.4215079348760433 0.9335149968934722 0.3585383530042228 0.3
100.0064317754962 91.00724379646189 0.891972596201444 1.4215079348760433 0.9335149968934722 0.3585383530042228 0.3
100.0064317754962 91.00724379646189 0.891972596201444 1.4215079348760433 0.9335149968934722 0.3585383530042228 0.3
100.0064317754962 91.00724379646189 0.891972596201444 1.4215079348760433 0.9335149968934722 0.3585383530042228 0.3
100.0064317754962 91.00724379646189 0.891972596201444 1.4215079348760433 0.9335149968934722 0.3585383530042228 0.3
100.0064317754962 91.00724379646189 0.891972596201444 1.4215079348760433 0.9335149968934722 0.3585383530042228 0.3
100.0064317754962 91.00724379646189 0.891972596201444 1.4215079348760433 0.9335149968934722 0.3585383530042228 0.3
100.0064317754962 91.00724379646189 0.891972596201444 1.4215079348760433 0.9335149968934722 0.3585383530042228 0.3
100.0064317754962 91.00724379646189 0.891972596201444 1.4215079348760433 0.9335149968934722 0.3585383530042228 0.3
100.0064317754962 91.00724379646189 0.891972596201444 1.4215079348760433 0.9335149968934722 0.3585383530042228 0.3
