42.86865643602098 21.978565940297944 12.9023671458726 11.803832527088534 0.08744897140433378 0.9961690004212759 5
42.86865643602098 21.978565940297944 12.9023671458726 11.803832527088534 0.08744897140433378 0.9961690004212759 0.3
42.86865643602098 21.978565940297944 12.9023671458726 11.803832527088534 0.08744897140433378 0.9961690004212759 0.3
42.86865643602098 21.978565940297944 12.9023671458726 11.803832527088534 0.08744897140433378 0.9961690004212759 0.3
42.86865643602098 21.978565940297944 12.9023671458726 11.803832527088534 0.08744897140433378 0.9961690004212759 0.3
42.86865643602098 21.978565940297944 12.9023671458726 11.803832527088534 0.08744897140433378 0.9961690004212759 0.3
43.18923388549094 21.881515965167168 4.001382735227802 13.574252936311522 0.9642275425221224 0.2650759254284491 0.3
42.924830217009436 22.045219037220114 3.008112155873634 12.549750966143506 0.9582608011547471 0.2858955000874661 0.3
43.119678114123545 21.888810827922534 2.329889078544261 11.731288908612596 0.961320030890547 0.27543383635384733 0.3
42.940252077731465 22.101033246246423 2.1124034513831336 12.141574344247974 0.9614616026684234 0.2749392416412519 0.3
42.87171315394924 22.2080539449755 1.8616788184588138 11.686116368830966 0.9600947280470881 0.2796750134999336 0.3
43.06118102275972 21.893728203389372 1.6759200766196867 11.606936656405889 0.9561023903326831 0.29303279543445243 0.3
43.10341014836742 21.808063489765896 1.6480384602742937 12.413818389996452 0.9613725612322211 0.27525042871864736 0.3
43.10341014836742 21.808063489765896 1.6480384602742937 12.413818389996452 0.9613725612322211 0.27525042871864736 0.3
43.10341014836742 21.808063489765896 1.6480384602742937 12.413818389996452 0.9613725612322211 0.27525042871864736 0.3
43.10341014836742 21.808063489765896 1.6480384602742937 12.413818389996452 0.9613725612322211 0.27525042871864736 0.3
43.10341014836742 21.808063489765896 1.6480384602742937 12.413818389996452 0.9613725612322211 0.27525042871864736 0.3
43.10341014836742 21.808063489765896 1.6480384602742937 12.413818389996452 0.9613725612322211 0.27525042871864736 0.3
43.10341014836742 21.808063489765896 1.6480384602742937 12.413818389996452 0.9613725612322211 0.27525042871864736 0.3
43.10341014836742 21.808063489765896 1.6480384602742937 12.413818389996452 0.9613725612322211 0.27525042871864736 0.3
43.10341014836742 21.808063489765896 1.6480384602742937 12.413818389996452 0.9613725612322211 0.27525042871864736 0.3
43.10341014836742 21.808063489765896 1.6480384602742937 12.413818389996452 0.9613725612322211 0.27525042871864736 0.3
43.10341014836742 21.808063489765896 1.6480384602742937 12.413818389996452 0.9613725612322211 0.27525042871864736 0.3
43.10341014836742 21.808063489765896 1.6480384602742937 12.413818389996452 0.9613725612322211 0.27525042871864736 0.3
43.10341014836742 21.808063489765896 1.6480384602742937 12.413818389996452 0.9613725612322211 0.27525042871864736 0.3
43.10341014836742 21.808063489765896 1.6480384602742937 12.413818389996452 0.9613725612322211 0.27525042871864736 0.3
43.10341014836742 21.808063489765896 1.6480384602742937 12.413818389996452 0.9613725612322211 0.27525042871864736 0.3
43.10341014836742 21.808063489765896 1.6480384602742937 12.413818389996452 0.9613725612322211 0.27525042871864736 0.3
43.10341014836742 21.808063489765896 1.6480384602742937 12.413818389996452 0.9613725612322211 0.27525042871864736 0.3
43.10341014836742 21.808063489765896 1.6480384602742937 12.413818389996452 0.9613725612322211 0.27525042871864736 0.3
43.10341014836742 21.808063489765896 1.6480384602742937 12.413818389996452 0.9613725612322211 0.27525042871864736 0.3
43.10341014836742 21.808063489765896 1.6480384602742937 12.413818389996452 0.9613725612322211 0.27525042871864736 0.3
43.10341014836742 21.808063489765896 1.6480384602742937 12.413818389996452 0.9613725612322211 0.27525042871864736 0.3
43.10341014836742 21.808063489765896 1.6480384602742937 12.413818389996452 0.9613725612322211 0.27525042871864736 0.3
43.10341014836742 21.808063489765896 1.6480384602742937 12.413818389996452 0.9613725612322211 0.27525042871864736 0.3
43.10341014836742 21.808063489765896 1.6480384602742937 12.413818389996452 0.9613725612322211 0.27525042871864736 0.3
43.10341014836742 21.808063489765896 1.6480384602742937 12.413818389996452 0.9613725612322211 0.27525042871864736 0.3
43.10341014836742 21.808063489765896 1.6480384602742937 12.413818389996452 0.9613725612322211 0.27525042871864736 0.3
43.10341014836742 21.808063489765896 1.6480384602742937 12.413818389996452 0.9613725612322211 0.27525042871864736 0.3
43.10341014836742 21.808063489765896 1.6480384602742937 12.413818389996452 0.9613725612322211 0.27525042871864736 0.3
43.10341014836742 21.808063489765896 1.6480384602742937 12.413818389996452 0.9613725612322211 0.27525042871864736 0.3
43.10341014836742 21.808063489765896 1.6480384602742937 12.413818389996452 0.9613725612322211 0.27525042871864736 0.3
43.10341014836742 21.808063489765896 1.6480384602742937 12.413818389996452 0.9613725612322211 0.27525042871864736 0.3
43.10341014836742 21.808063489765896 1.6480384602742937 12.413818389996452 0.9613725612322211 0.27525042871864736 0.3
43.10341014836742 21.808063489765896 1.6480384602742937 12.413818389996452 0.9613725612322211 0.27525042871864736 0.3
43.10341014836742 21.808063489765896 1.6480384602742937 12.413818389996452 0.9613725612322211 0.27525042871864736 0.3
43.10341014836742 21.808063489765896 1.6480384602742937 12.413818389996452 0.9613725612322211 0.27525042871864736 0.3
43.10341014836742 21.808063489765896 1.6480384602742937 12.413818389996452 0.9613725612322211 0.27525042871864736 0.3
43.10341014836742 21.808063489765896 1.6480384602742937 12.413818389996452 0.9613725612322211 0.27525042871864736 0.3
43.10341014836742 21.808063489765896 1.6480384602742937 12.413818389996452 0.9613725612322211 0.27525042871864736 0.3
43.10341014836742 21.808063489765896 1.6480384602742937 12.413818389996452 0.9613725612322211 0.27525042871864736 0.3
43.10341014836742 21.808063489765896 1.6480384602742937 12.413818389996452 0.9613725612322211 0.27525042871864736 0.3
43.10341014836742 21.808063489765896 1.6480384602742937 12.413818389996452 0.9613725612322211 0.27525042871864736 0.3
43.10341014836742 21.808063489765896 1.6480384602742937 12.413818389996452 0.9613725612322211 0.27525042871864736 0.3
43.10341014836742 21.808063489765896 1.6480384602742937 12.413818389996452 0.9613725612322211 0.27525042871864736 0.3
43.10341014836742 21.808063489765896 1.6480384602742937 12.413818389996452 0.9613725612322211 0.27525042871864736 0.3
43.10341014836742 21.808063489765896 1.6480384602742937 12.413818389996452 0.9613725612322211 0.27525042871864736 0.3
43.10341014836742 21.808063489765896 1.6480384602742937 12.413818389996452 0.9613725612322211 0.27525042871864736 0.3
43.10341014836742 21.808063489765896 1.6480384602742937 12.413818389996452 0.9613725612322211 0.27525042871864736 0.3
43.10341014836742 21.808063489765896 1.6480384602742937 12.413818389996452 0.9613725612322211 0.27525042871864736 0.3
43.10341014836742 21.808063489765896 1.6480384602742937 12.413818389996452 0.9613725612322211 0.27525042871864736 0.3
43.10341014836742 21.808063489765896 1.6480384602742937 12.413818389996452 0.9613725612322211 0.27525042871864736 0.3
43.10341014836742 21.808063489765896 1.6480384602742937 12.413818389996452 0.9613725612322211 0.27525042871864736 0.3
43.10341014836742 21.808063489765896 1.6480384602742937 12.413818389996452 0.9613725612322211 0.27525042871864736 0.3
43.10341014836742 21.808063489765896 1.6480384602742937 12.413818389996452 0.9613725612322211 0.27525042871864736 0.3
43.10341014836742 21.808063489765896 1.6480384602742937 12.413818389996452 0.9613725612322211 0.27525042871864736 0.3
43.10341014836742 21.808063489765896 1.6480384602742937 12.413818389996452 0.9613725612322211 0.27525042871864736 0.3
43.10341014836742 21.808063489765896 1.6480384602742937 12.413818389996452 0.9613725612322211 0.27525042871864736 0.3
43.10341014836742 21.808063489765896 1.6480384602742937 12.413818389996452 0.9613725612322211 0.27525042871864736 0.3
43.10341014836742 21.808063489765896 1.6480384602742937 12.413818389996452 0.9613725612322211 0.27525042871864736 0.3
42.99192821738612 22.007633669529213 1.6204675479424626 4.020203707874795 0.9540217560971371 0.29973736652832345 0.3
42.99706589574471 22.024276795692696 1.5072806714319102 2.944862231609182 0.9552900138804734 0.2956704066697325 0.3
43.0070464306211 22.00344035007564 1.686076171366739 2.3388102668032786 0.956241523351633 0.29257844933991345 0.3
43.02058107501223 22.013680270865397 1.538604386772411 2.3052388937850403 0.9472237041811014 0.32057332115669485 0.3
43.04162222033122 22.00561439221011 1.4834402787726773 1.9766650683385008 0.9415397730757207 0.336901848787626 0.3
43.015684864718686 21.99579507308944 1.8883866971128755 1.4704355137047418 0.26183554153924615 0.9651125059737076 0.3
42.990569654503744 21.983548581117958 1.7810471499023528 1.3466506709599706 0.23521405792141642 0.9719435924765082 0.3
43.03390078493522 22.013477366320704 1.739072534374885 1.446078239575596 0.31425101912477155 0.9493399269908763 0.3
42.95024047082269 21.99816914928395 1.7430376495807467 1.3105132594350188 0.056396667420963977 0.9984084414225519 0.3
42.95024047082269 21.99816914928395 1.7430376495807467 1.3105132594350188 0.056396667420963977 0.9984084414225519 0.3
42.95024047082269 21.99816914928395 1.7430376495807467 1.3105132594350188 0.056396667420963977 0.9984084414225519 0.3
42.95024047082269 21.99816914928395 1.7430376495807467 1.3105132594350188 0.056396667420963977 0.9984084414225519 0.3
42.95024047082269 21.99816914928395 1.7430376495807467 1.3105132594350188 0.056396667420963977 0.9984084414225519 0.3
42.95024047082269 21.99816914928395 1.7430376495807467 1.3105132594350188 0.056396667420963977 0.9984084414225519 0.3
42.95024047082269 21.99816914928395 1.7430376495807467 1.3105132594350188 0.056396667420963977 0.9984084414225519 0.3
42.95024047082269 21.99816914928395 1.7430376495807467 1.3105132594350188 0.056396667420963977 0.9984084414225519 0.3
42.95024047082269 21.99816914928395 1.7430376495807467 1.3105132594350188 0.056396667420963977 0.9984084414225519 0.3
42.95024047082269 21.99816914928395 1.7430376495807467 1.3105132594350188 0.056396667420963977 0.9984084414225519 0.3
42.95024047082269 21.99816914928395 1.7430376495807467 1.3105132594350188 0.056396667420963977 0.9984084414225519 0.3
42.95024047082269 21.99816914928395 1.7430376495807467 1.3105132594350188 0.056396667420963977 0.9984084414225519 0.3
42.95024047082269 21.99816914928395 1.7430376495807467 1.3105132594350188 0.056396667420963977 0.9984084414225519 0.3
42.95024047082269 21.99816914928395 1.7430376495807467 1.3105132594350188 0.056396667420963977 0.9984084414225519 0.3
42.95024047082269 21.99816914928395 1.7430376495807467 1.3105132594350188 0.056396667420963977 0.9984084414225519 0.3
42.95024047082269 21.99816914928395 1.7430376495807467 1.3105132594350188 0.056396667420963977 0.9984084414225519 0.3
42.95024047082269 21.99816914928395 1.7430376495807467 1.3105132594350188 0.056396667420963977 0.9984084414225519 0.3
42.95024047082269 21.99816914928395 1.7430376495807467 1.3105132594350188 0.056396667420963977 0.9984084414225519 0.3
42.95024047082269 21.99816914928395 1.7430376495807467 1.3105132594350188 0.056396667420963977 0.9984084414225519 0.3
42.95024047082269 21.99816914928395 1.7430376495807467 1.3105132594350188 0.056396667420963977 0.9984084414225519 0.3
42.95024047082269 21.99816914928395 1.7430376495807467 1.3105132594350188 0.056396667420963977 0.9984084414225519 0.3
42.95024047082269 21.99816914928395 1.7430376495807467 1.3105132594350188 0.056396667420963977 0.9984084414225519 0.3
42.95024047082269 21.99816914928395 1.7430376495807467 1.3105132594350188 0.056396667420963977 0.9984084414225519 0.3
42.95024047082269 21.99816914928395 1.7430376495807467 1.3105132594350188 0.056396667420963977 0.9984084414225519 0.3
42.95024047082269 21.99816914928395 1.7430376495807467 1.3105132594350188 0.056396667420963977 0.9984084414225519 0.3
42.95024047082269 21.99816914928395 1.7430376495807467 1.3105132594350188 0.056396667420963977 0.9984084414225519 0.3
42.95024047082269 21.99816914928395 1.7430376495807467 1.3105132594350188 0.056396667420963977 0.9984084414225519 0.3
42.95024047082269 21.99816914928395 1.7430376495807467 1.3105132594350188 0.056396667420963977 0.9984084414225519 0.3
42.95024047082269 21.99816914928395 1.7430376495807467 1.3105132594350188 0.056396667420963977 0.9984084414225519 0.3
42.95024047082269 21.99816914928395 1.7430376495807467 1.3105132594350188 0.056396667420963977 0.9984084414225519 0.3
42.9866473275235 21.98981249505139 1.5344138556614153 1.4125114125275662 0.22238224583379992 0.974959556462685 0.3
42.999898696939105 22.030815546623376 1.6077261646195398 1.3486060490220715 0.24478477377891866 0.969577441221692 0.3
42.99160606328902 21.987724166148446 1.2401943281580197 1.6308481655289095 0.9518308639435193 0.30662355820212783 0.3
43.028308387775525 21.976053153420445 1.5215666244396542 1.23861367042323 0.33207701904174897 0.943252274539715 0.3
43.028308387775525 21.976053153420445 1.5215666244396542 1.23861367042323 0.33207701904174897 0.943252274539715 0.3
43.028308387775525 21.976053153420445 1.5215666244396542 1.23861367042323 0.33207701904174897 0.943252274539715 0.3
43.028308387775525 21.976053153420445 1.5215666244396542 1.23861367042323 0.33207701904174897 0.943252274539715 0.3
43.028308387775525 21.976053153420445 1.5215666244396542 1.23861367042323 0.33207701904174897 0.943252274539715 0.3
43.028308387775525 21.976053153420445 1.5215666244396542 1.23861367042323 0.33207701904174897 0.943252274539715 0.3
43.028308387775525 21.976053153420445 1.5215666244396542 1.23861367042323 0.33207701904174897 0.943252274539715 0.3
43.028308387775525 21.976053153420445 1.5215666244396542 1.23861367042323 0.33207701904174897 0.943252274539715 0.3
43.028308387775525 21.976053153420445 1.5215666244396542 1.23861367042323 0.33207701904174897 0.943252274539715 0.3
43.028308387775525 21.976053153420445 1.5215666244396542 1.23861367042323 0.33207701904174897 0.943252274539715 0.3
43.028308387775525 21.976053153420445 1.5215666244396542 1.23861367042323 0.33207701904174897 0.943252274539715 0.3
43.028308387775525 21.976053153420445 1.5215666244396542 1.23861367042323 0.33207701904174897 0.943252274539715 0.3
43.028308387775525 21.976053153420445 1.5215666244396542 1.23861367042323 0.33207701904174897 0.943252274539715 0.3
43.028308387775525 21.976053153420445 1.5215666244396542 1.23861367042323 0.33207701904174897 0.943252274539715 0.3
43.028308387775525 21.976053153420445 1.5215666244396542 1.23861367042323 0.33207701904174897 0.943252274539715 0.3
43.028308387775525 21.976053153420445 1.5215666244396542 1.23861367042323 0.33207701904174897 0.943252274539715 0.3
43.028308387775525 21.976053153420445 1.5215666244396542 1.23861367042323 0.33207701904174897 0.943252274539715 0.3
43.028308387775525 21.976053153420445 1.5215666244396542 1.23861367042323 0.33207701904174897 0.943252274539715 0.3
43.028308387775525 21.976053153420445 1.5215666244396542 1.23861367042323 0.33207701904174897 0.943252274539715 0.3
43.028308387775525 21.976053153420445 1.5215666244396542 1.23861367042323 0.33207701904174897 0.943252274539715 0.3
43.028308387775525 21.976053153420445 1.5215666244396542 1.23861367042323 0.33207701904174897 0.943252274539715 0.3
43.028308387775525 21.976053153420445 1.5215666244396542 1.23861367042323 0.33207701904174897 0.943252274539715 0.3
43.028308387775525 21.976053153420445 1.5215666244396542 1.23861367042323 0.33207701904174897 0.943252274539715 0.3
43.028308387775525 21.976053153420445 1.5215666244396542 1.23861367042323 0.33207701904174897 0.943252274539715 0.3
43.028308387775525 21.976053153420445 1.5215666244396542 1.23861367042323 0.33207701904174897 0.943252274539715 0.3
43.028308387775525 21.976053153420445 1.5215666244396542 1.23861367042323 0.33207701904174897 0.943252274539715 0.3
43.028308387775525 21.976053153420445 1.5215666244396542 1.23861367042323 0.33207701904174897 0.943252274539715 0.3
43.028308387775525 21.976053153420445 1.5215666244396542 1.23861367042323 0.33207701904174897 0.943252274539715 0.3
43.028308387775525 21.976053153420445 1.5215666244396542 1.23861367042323 0.33207701904174897 0.943252274539715 0.3
43.028308387775525 21.976053153420445 1.5215666244396542 1.23861367042323 0.33207701904174897 0.943252274539715 0.3
43.028308387775525 21.976053153420445 1.5215666244396542 1.23861367042323 0.33207701904174897 0.943252274539715 0.3
43.028308387775525 21.976053153420445 1.5215666244396542 1.23861367042323 0.33207701904174897 0.943252274539715 0.3
43.028308387775525 21.976053153420445 1.5215666244396542 1.23861367042323 0.33207701904174897 0.943252274539715 0.3
43.028308387775525 21.976053153420445 1.5215666244396542 1.23861367042323 0.33207701904174897 0.943252274539715 0.3
43.028308387775525 21.976053153420445 1.5215666244396542 1.23861367042323 0.33207701904174897 0.943252274539715 0.3
43.028308387775525 21.976053153420445 1.5215666244396542 1.23861367042323 0.33207701904174897 0.943252274539715 0.3
43.028308387775525 21.976053153420445 1.5215666244396542 1.23861367042323 0.33207701904174897 0.943252274539715 0.3
43.028308387775525 21.976053153420445 1.5215666244396542 1.23861367042323 0.33207701904174897 0.943252274539715 0.3
43.028308387775525 21.976053153420445 1.5215666244396542 1.23861367042323 0.33207701904174897 0.943252274539715 0.3
43.028308387775525 21.976053153420445 1.5215666244396542 1.23861367042323 0.33207701904174897 0.943252274539715 0.3
43.028308387775525 21.976053153420445 1.5215666244396542 1.23861367042323 0.33207701904174897 0.943252274539715 0.3
43.028308387775525 21.976053153420445 1.5215666244396542 1.23861367042323 0.33207701904174897 0.943252274539715 0.3
43.028308387775525 21.976053153420445 1.5215666244396542 1.23861367042323 0.33207701904174897 0.943252274539715 0.3
43.028308387775525 21.976053153420445 1.5215666244396542 1.23861367042323 0.33207701904174897 0.943252274539715 0.3
43.028308387775525 21.976053153420445 1.5215666244396542 1.23861367042323 0.33207701904174897 0.943252274539715 0.3
43.028308387775525 21.976053153420445 1.5215666244396542 1.23861367042323 0.33207701904174897 0.943252274539715 0.3
43.028308387775525 21.976053153420445 1.5215666244396542 1.23861367042323 0.33207701904174897 0.943252274539715 0.3
43.028308387775525 21.976053153420445 1.5215666244396542 1.23861367042323 0.33207701904174897 0.943252274539715 0.3
43.028308387775525 21.976053153420445 1.5215666244396542 1.23861367042323 0.33207701904174897 0.943252274539715 0.3
43.028308387775525 21.976053153420445 1.5215666244396542 1.23861367042323 0.33207701904174897 0.943252274539715 0.3
43.028308387775525 21.976053153420445 1.5215666244396542 1.23861367042323 0.33207701904174897 0.943252274539715 0.3
43.028308387775525 21.976053153420445 1.5215666244396542 1.23861367042323 0.33207701904174897 0.943252274539715 0.3
43.028308387775525 21.976053153420445 1.5215666244396542 1.23861367042323 0.33207701904174897 0.943252274539715 0.3
43.028308387775525 21.976053153420445 1.5215666244396542 1.23861367042323 0.33207701904174897 0.943252274539715 0.3
43.028308387775525 21.976053153420445 1.5215666244396542 1.23861367042323 0.33207701904174897 0.943252274539715 0.3
43.028308387775525 21.976053153420445 1.5215666244396542 1.23861367042323 0.33207701904174897 0.943252274539715 0.3
43.028308387775525 21.976053153420445 1.5215666244396542 1.23861367042323 0.33207701904174897 0.943252274539715 0.3
43.028308387775525 21.976053153420445 1.5215666244396542 1.23861367042323 0.33207701904174897 0.943252274539715 0.3
43.028308387775525 21.976053153420445 1.5215666244396542 1.23861367042323 0.33207701904174897 0.943252274539715 0.3
43.028308387775525 21.976053153420445 1.5215666244396542 1.23861367042323 0.33207701904174897 0.943252274539715 0.3
43.028308387775525 21.976053153420445 1.5215666244396542 1.23861367042323 0.33207701904174897 0.943252274539715 0.3
43.028308387775525 21.976053153420445 1.5215666244396542 1.23861367042323 0.33207701904174897 0.943252274539715 0.3
43.028308387775525 21.976053153420445 1.5215666244396542 1.23861367042323 0.33207701904174897 0.943252274539715 0.3
43.028308387775525 21.976053153420445 1.5215666244396542 1.23861367042323 0.33207701904174897 0.943252274539715 0.3
43.028308387775525 21.976053153420445 1.5215666244396542 1.23861367042323 0.33207701904174897 0.943252274539715 0.3
43.028308387775525 21.976053153420445 1.5215666244396542 1.23861367042323 0.33207701904174897 0.943252274539715 0.3
43.028308387775525 21.976053153420445 1.5215666244396542 1.23861367042323 0.33207701904174897 0.943252274539715 0.3
43.028308387775525 21.976053153420445 1.5215666244396542 1.23861367042323 0.33207701904174897 0.943252274539715 0.3
43.028308387775525 21.976053153420445 1.5215666244396542 1.23861367042323 0.33207701904174897 0.943252274539715 0.3
43.028308387775525 21.976053153420445 1.5215666244396542 1.23861367042323 0.33207701904174897 0.943252274539715 0.3
43.028308387775525 21.976053153420445 1.5215666244396542 1.23861367042323 0.33207701904174897 0.943252274539715 0.3
43.028308387775525 21.976053153420445 1.5215666244396542 1.23861367042323 0.33207701904174897 0.943252274539715 0.3
43.028308387775525 21.976053153420445 1.5215666244396542 1.23861367042323 0.33207701904174897 0.943252274539715 0.3
43.028308387775525 21.976053153420445 1.5215666244396542 1.23861367042323 0.33207701904174897 0.943252274539715 0.3
43.028308387775525 21.976053153420445 1.5215666244396542 1.23861367042323 0.33207701904174897 0.943252274539715 0.3
43.028308387775525 21.976053153420445 1.5215666244396542 1.23861367042323 0.33207701904174897 0.943252274539715 0.3
