128.05627903747498 10.114472696863643 8.839701621419255 7.418003354158677 0.045525721419414085 0.9989631668331129 5
128.05627903747498 10.114472696863643 8.839701621419255 7.418003354158677 0.045525721419414085 0.9989631668331129 0.3
128.05627903747498 10.114472696863643 8.839701621419255 7.418003354158677 0.045525721419414085 0.9989631668331129 0.3
128.05627903747498 10.114472696863643 8.839701621419255 7.418003354158677 0.045525721419414085 0.9989631668331129 0.3
128.05627903747498 10.114472696863643 8.839701621419255 7.418003354158677 0.045525721419414085 0.9989631668331129 0.3
128.05627903747498 10.114472696863643 8.839701621419255 7.418003354158677 0.045525721419414085 0.9989631668331129 0.3
128.05627903747498 10.114472696863643 8.839701621419255 7.418003354158677 0.045525721419414085 0.9989631668331129 0.3
128.05627903747498 10.114472696863643 8.839701621419255 7.418003354158677 0.045525721419414085 0.9989631668331129 0.3
128.05627903747498 10.114472696863643 8.839701621419255 7.418003354158677 0.045525721419414085 0.9989631668331129 0.3
128.05627903747498 10.114472696863643 8.839701621419255 7.418003354158677 0.045525721419414085 0.9989631668331129 0.3
128.05627903747498 10.114472696863643 8.839701621419255 7.418003354158677 0.045525721419414085 0.9989631668331129 0.3
128.05627903747498 10.114472696863643 8.839701621419255 7.418003354158677 0.045525721419414085 0.9989631668331129 0.3
128.05627903747498 10.114472696863643 8.839701621419255 7.418003354158677 0.045525721419414085 0.9989631668331129 0.3
128.05627903747498 10.114472696863643 8.839701621419255 7.418003354158677 0.045525721419414085 0.9989631668331129 0.3
128.05627903747498 10.114472696863643 8.839701621419255 7.418003354158677 0.045525721419414085 0.9989631668331129 0.3
128.05627903747498 10.114472696863643 8.839701621419255 7.418003354158677 0.045525721419414085 0.9989631668331129 0.3
128.05627903747498 10.114472696863643 8.839701621419255 7.418003354158677 0.045525721419414085 0.9989631668331129 0.3
128.05627903747498 10.114472696863643 8.839701621419255 7.418003354158677 0.045525721419414085 0.9989631668331129 0.3
128.05627903747498 10.114472696863643 8.839701621419255 7.418003354158677 0.045525721419414085 0.9989631668331129 0.3
128.05627903747498 10.114472696863643 8.839701621419255 7.418003354158677 0.045525721419414085 0.9989631668331129 0.3
128.05627903747498 10.114472696863643 8.839701621419255 7.418003354158677 0.045525721419414085 0.9989631668331129 0.3
128.05627903747498 10.114472696863643 8.839701621419255 7.418003354158677 0.045525721419414085 0.9989631668331129 0.3
128.05627903747498 10.114472696863643 8.839701621419255 7.418003354158677 0.045525721419414085 0.9989631668331129 0.3
128.05627903747498 10.114472696863643 8.839701621419255 7.418003354158677 0.045525721419414085 0.9989631668331129 0.3
128.05627903747498 10.114472696863643 8.839701621419255 7.418003354158677 0.045525721419414085 0.9989631668331129 0.3
128.05627903747498 10.114472696863643 8.839701621419255 7.418003354158677 0.045525721419414085 0.9989631668331129 0.3
128.05627903747498 10.114472696863643 8.839701621419255 7.418003354158677 0.045525721419414085 0.9989631668331129 0.3
128.05627903747498 10.114472696863643 8.839701621419255 7.418003354158677 0.045525721419414085 0.9989631668331129 0.3
128.05627903747498 10.114472696863643 8.839701621419255 7.418003354158677 0.045525721419414085 0.9989631668331129 0.3
128.05627903747498 10.114472696863643 8.839701621419255 7.418003354158677 0.045525721419414085 0.9989631668331129 0.3
128.05627903747498 10.114472696863643 8.839701621419255 7.418003354158677 0.045525721419414085 0.9989631668331129 0.3
128.05627903747498 10.114472696863643 8.839701621419255 7.418003354158677 0.045525721419414085 0.9989631668331129 0.3
128.05627903747498 10.114472696863643 8.839701621419255 7.418003354158677 0.045525721419414085 0.9989631668331129 0.3
128.05627903747498 10.114472696863643 8.839701621419255 7.418003354158677 0.045525721419414085 0.9989631668331129 0.3
128.05627903747498 10.114472696863643 8.839701621419255 7.418003354158677 0.045525721419414085 0.9989631668331129 0.3
128.05627903747498 10.114472696863643 8.839701621419255 7.418003354158677 0.045525721419414085 0.9989631668331129 0.3
128.05627903747498 10.114472696863643 8.839701621419255 7.418003354158677 0.045525721419414085 0.9989631668331129 0.3
128.05627903747498 10.114472696863643 8.839701621419255 7.418003354158677 0.045525721419414085 0.9989631668331129 0.3
128.05627903747498 10.114472696863643 8.839701621419255 7.418003354158677 0.045525721419414085 0.9989631668331129 0.3
128.05627903747498 10.114472696863643 8.839701621419255 7.418003354158677 0.045525721419414085 0.9989631668331129 0.3
128.05627903747498 10.114472696863643 8.839701621419255 7.418003354158677 0.045525721419414085 0.9989631668331129 0.3
128.05627903747498 10.114472696863643 8.839701621419255 7.418003354158677 0.045525721419414085 0.9989631668331129 0.3
128.05627903747498 10.114472696863643 8.839701621419255 7.418003354158677 0.045525721419414085 0.9989631668331129 0.3
128.05627903747498 10.114472696863643 8.839701621419255 7.418003354158677 0.045525721419414085 0.9989631668331129 0.3
128.05627903747498 10.114472696863643 8.839701621419255 7.418003354158677 0.045525721419414085 0.9989631668331129 0.3
128.05627903747498 10.114472696863643 8.839701621419255 7.418003354158677 0.045525721419414085 0.9989631668331129 0.3
128.05627903747498 10.114472696863643 8.839701621419255 7.418003354158677 0.045525721419414085 0.9989631668331129 0.3
128.05627903747498 10.114472696863643 8.839701621419255 7.418003354158677 0.045525721419414085 0.9989631668331129 0.3
128.05627903747498 10.114472696863643 8.839701621419255 7.418003354158677 0.045525721419414085 0.9989631668331129 0.3
128.05627903747498 10.114472696863643 8.839701621419255 7.418003354158677 0.045525721419414085 0.9989631668331129 0.3
128.05627903747498 10.114472696863643 8.839701621419255 7.418003354158677 0.045525721419414085 0.9989631668331129 0.3
128.05627903747498 10.114472696863643 8.839701621419255 7.418003354158677 0.045525721419414085 0.9989631668331129 0.3
128.05627903747498 10.114472696863643 8.839701621419255 7.418003354158677 0.045525721419414085 0.9989631668331129 0.3
128.05627903747498 10.114472696863643 8.839701621419255 7.418003354158677 0.045525721419414085 0.9989631668331129 0.3
128.05627903747498 10.114472696863643 8.839701621419255 7.418003354158677 0.045525721419414085 0.9989631668331129 0.3
128.05627903747498 10.114472696863643 8.839701621419255 7.418003354158677 0.045525721419414085 0.9989631668331129 0.3
128.05627903747498 10.114472696863643 8.839701621419255 7.418003354158677 0.045525721419414085 0.9989631668331129 0.3
128.05627903747498 10.114472696863643 8.839701621419255 7.418003354158677 0.045525721419414085 0.9989631668331129 0.3
128.05627903747498 10.114472696863643 8.839701621419255 7.418003354158677 0.045525721419414085 0.9989631668331129 0.3
128.05627903747498 10.114472696863643 8.839701621419255 7.418003354158677 0.045525721419414085 0.9989631668331129 0.3
128.05627903747498 10.114472696863643 8.839701621419255 7.418003354158677 0.045525721419414085 0.9989631668331129 0.3
128.05627903747498 10.114472696863643 8.839701621419255 7.418003354158677 0.045525721419414085 0.9989631668331129 0.3
128.05627903747498 10.114472696863643 8.839701621419255 7.418003354158677 0.045525721419414085 0.9989631668331129 0.3
128.05627903747498 10.114472696863643 8.839701621419255 7.418003354158677 0.045525721419414085 0.9989631668331129 0.3
128.05627903747498 10.114472696863643 8.839701621419255 7.418003354158677 0.045525721419414085 0.9989631668331129 0.3
128.05627903747498 10.114472696863643 8.839701621419255 7.418003354158677 0.045525721419414085 0.9989631668331129 0.3
128.05627903747498 10.114472696863643 8.839701621419255 7.418003354158677 0.045525721419414085 0.9989631668331129 0.3
128.05627903747498 10.114472696863643 8.839701621419255 7.418003354158677 0.045525721419414085 0.9989631668331129 0.3
128.05627903747498 10.114472696863643 8.839701621419255 7.418003354158677 0.045525721419414085 0.9989631668331129 0.3
128.05627903747498 10.114472696863643 8.839701621419255 7.418003354158677 0.045525721419414085 0.9989631668331129 0.3
128.05627903747498 10.114472696863643 8.839701621419255 7.418003354158677 0.045525721419414085 0.9989631668331129 0.3
128.05627903747498 10.114472696863643 8.839701621419255 7.418003354158677 0.045525721419414085 0.9989631668331129 0.3
128.05627903747498 10.114472696863643 8.839701621419255 7.418003354158677 0.045525721419414085 0.9989631668331129 0.3
128.05627903747498 10.114472696863643 8.839701621419255 7.418003354158677 0.045525721419414085 0.9989631668331129 0.3
128.05627903747498 10.114472696863643 8.839701621419255 7.418003354158677 0.045525721419414085 0.9989631668331129 0.3
128.05627903747498 10.114472696863643 8.839701621419255 7.418003354158677 0.045525721419414085 0.9989631668331129 0.3
128.05627903747498 10.114472696863643 8.839701621419255 7.418003354158677 0.045525721419414085 0.9989631668331129 0.3
128.05627903747498 10.114472696863643 8.839701621419255 7.418003354158677 0.045525721419414085 0.9989631668331129 0.3
128.05627903747498 10.114472696863643 8.839701621419255 7.418003354158677 0.045525721419414085 0.9989631668331129 0.3
128.05627903747498 10.114472696863643 8.839701621419255 7.418003354158677 0.045525721419414085 0.9989631668331129 0.3
128.05627903747498 10.114472696863643 8.839701621419255 7.418003354158677 0.045525721419414085 0.9989631668331129 0.3
128.05627903747498 10.114472696863643 8.839701621419255 7.418003354158677 0.045525721419414085 0.9989631668331129 0.3
128.05627903747498 10.114472696863643 8.839701621419255 7.418003354158677 0.045525721419414085 0.9989631668331129 0.3
128.05627903747498 10.114472696863643 8.839701621419255 7.418003354158677 0.045525721419414085 0.9989631668331129 0.3
128.05627903747498 10.114472696863643 8.839701621419255 7.418003354158677 0.045525721419414085 0.9989631668331129 0.3
128.05627903747498 10.114472696863643 8.839701621419255 7.418003354158677 0.045525721419414085 0.9989631668331129 0.3
128.05627903747498 10.114472696863643 8.839701621419255 7.418003354158677 0.045525721419414085 0.9989631668331129 0.3
128.05627903747498 10.114472696863643 8.839701621419255 7.418003354158677 0.045525721419414085 0.9989631668331129 0.3
128.05627903747498 10.114472696863643 8.839701621419255 7.418003354158677 0.045525721419414085 0.9989631668331129 0.3
128.05627903747498 10.114472696863643 8.839701621419255 7.418003354158677 0.045525721419414085 0.9989631668331129 0.3
128.05627903747498 10.114472696863643 8.839701621419255 7.418003354158677 0.045525721419414085 0.9989631668331129 0.3
128.05627903747498 10.114472696863643 8.839701621419255 7.418003354158677 0.045525721419414085 0.9989631668331129 0.3
128.05627903747498 10.114472696863643 8.839701621419255 7.418003354158677 0.045525721419414085 0.9989631668331129 0.3
128.05627903747498 10.114472696863643 8.839701621419255 7.418003354158677 0.045525721419414085 0.9989631668331129 0.3
128.05627903747498 10.114472696863643 8.839701621419255 7.418003354158677 0.045525721419414085 0.9989631668331129 0.3
128.05627903747498 10.114472696863643 8.839701621419255 7.418003354158677 0.045525721419414085 0.9989631668331129 0.3
128.05627903747498 10.114472696863643 8.839701621419255 7.418003354158677 0.045525721419414085 0.9989631668331129 0.3
128.05627903747498 10.114472696863643 8.839701621419255 7.418003354158677 0.045525721419414085 0.9989631668331129 0.3
128.05627903747498 10.114472696863643 8.839701621419255 7.418003354158677 0.045525721419414085 0.9989631668331129 0.3
128.05627903747498 10.114472696863643 8.839701621419255 7.418003354158677 0.045525721419414085 0.9989631668331129 0.3
128.05627903747498 10.114472696863643 8.839701621419255 7.418003354158677 0.045525721419414085 0.9989631668331129 0.3
128.05627903747498 10.114472696863643 8.839701621419255 7.418003354158677 0.045525721419414085 0.9989631668331129 0.3
128.05627903747498 10.114472696863643 8.839701621419255 7.418003354158677 0.045525721419414085 0.9989631668331129 0.3
128.05627903747498 10.114472696863643 8.839701621419255 7.418003354158677 0.045525721419414085 0.9989631668331129 0.3
128.05627903747498 10.114472696863643 8.839701621419255 7.418003354158677 0.045525721419414085 0.9989631668331129 0.3
128.05627903747498 10.114472696863643 8.839701621419255 7.418003354158677 0.045525721419414085 0.9989631668331129 0.3
128.05627903747498 10.114472696863643 8.839701621419255 7.418003354158677 0.045525721419414085 0.9989631668331129 0.3
128.05627903747498 10.114472696863643 8.839701621419255 7.418003354158677 0.045525721419414085 0.9989631668331129 0.3
128.05627903747498 10.114472696863643 8.839701621419255 7.418003354158677 0.045525721419414085 0.9989631668331129 0.3
128.05627903747498 10.114472696863643 8.839701621419255 7.418003354158677 0.045525721419414085 0.9989631668331129 0.3
128.05627903747498 10.114472696863643 8.839701621419255 7.418003354158677 0.045525721419414085 0.9989631668331129 0.3
128.05627903747498 10.114472696863643 8.839701621419255 7.418003354158677 0.045525721419414085 0.9989631668331129 0.3
128.05627903747498 10.114472696863643 8.839701621419255 7.418003354158677 0.045525721419414085 0.9989631668331129 0.3
128.05627903747498 10.114472696863643 8.839701621419255 7.418003354158677 0.045525721419414085 0.9989631668331129 0.3
128.05627903747498 10.114472696863643 8.839701621419255 7.418003354158677 0.045525721419414085 0.9989631668331129 0.3
128.05627903747498 10.114472696863643 8.839701621419255 7.418003354158677 0.045525721419414085 0.9989631668331129 0.3
127.99960888171758 10.066747705189126 3.8278846232125865 7.633683430872868 0.9992416856204794 0.03893653449323449 0.3
128.0190777790155 10.201747325402728 2.890436236846002 8.488454815847208 0.9999529499675873 0.00970040468845509 0.3
128.00817664141468 9.99225606952617 2.3020770119068015 8.320317301218381 0.9998443114533413 0.017645193521006276 0.3
127.95051237103 10.00860385350199 2.199935629574078 5.579753103692032 0.9957462774032683 0.0921376743657746 0.3
127.99502705889503 9.948752937650925 2.1390126641177583 3.841495950012754 0.9789776580666016 0.20396750968336108 0.3
127.99597247271284 10.010484098304376 1.9774913530005382 3.1350881880209522 0.9576258635732691 0.28801511317212275 0.3
127.99187597844721 9.984321326265308 2.476337955061521 2.00763928909718 0.3685639040057774 0.9296024142954987 0.3
127.96502053458484 9.975077975623304 2.498384263125371 1.7895643662139329 0.37343478840027866 0.9276564336069896 0.3
127.96502053458484 9.975077975623304 2.498384263125371 1.7895643662139329 0.37343478840027866 0.9276564336069896 0.3
127.96502053458484 9.975077975623304 2.498384263125371 1.7895643662139329 0.37343478840027866 0.9276564336069896 0.3
127.96502053458484 9.975077975623304 2.498384263125371 1.7895643662139329 0.37343478840027866 0.9276564336069896 0.3
127.96502053458484 9.975077975623304 2.498384263125371 1.7895643662139329 0.37343478840027866 0.9276564336069896 0.3
127.96502053458484 9.975077975623304 2.498384263125371 1.7895643662139329 0.37343478840027866 0.9276564336069896 0.3
127.96502053458484 9.975077975623304 2.498384263125371 1.7895643662139329 0.37343478840027866 0.9276564336069896 0.3
127.96502053458484 9.975077975623304 2.498384263125371 1.7895643662139329 0.37343478840027866 0.9276564336069896 0.3
127.96502053458484 9.975077975623304 2.498384263125371 1.7895643662139329 0.37343478840027866 0.9276564336069896 0.3
127.96502053458484 9.975077975623304 2.498384263125371 1.7895643662139329 0.37343478840027866 0.9276564336069896 0.3
127.96502053458484 9.975077975623304 2.498384263125371 1.7895643662139329 0.37343478840027866 0.9276564336069896 0.3
127.96502053458484 9.975077975623304 2.498384263125371 1.7895643662139329 0.37343478840027866 0.9276564336069896 0.3
127.96502053458484 9.975077975623304 2.498384263125371 1.7895643662139329 0.37343478840027866 0.9276564336069896 0.3
127.96502053458484 9.975077975623304 2.498384263125371 1.7895643662139329 0.37343478840027866 0.9276564336069896 0.3
127.96502053458484 9.975077975623304 2.498384263125371 1.7895643662139329 0.37343478840027866 0.9276564336069896 0.3
127.96502053458484 9.975077975623304 2.498384263125371 1.7895643662139329 0.37343478840027866 0.9276564336069896 0.3
127.96502053458484 9.975077975623304 2.498384263125371 1.7895643662139329 0.37343478840027866 0.9276564336069896 0.3
127.96502053458484 9.975077975623304 2.498384263125371 1.7895643662139329 0.37343478840027866 0.9276564336069896 0.3
127.96502053458484 9.975077975623304 2.498384263125371 1.7895643662139329 0.37343478840027866 0.9276564336069896 0.3
127.96502053458484 9.975077975623304 2.498384263125371 1.7895643662139329 0.37343478840027866 0.9276564336069896 0.3
127.96502053458484 9.975077975623304 2.498384263125371 1.7895643662139329 0.37343478840027866 0.9276564336069896 0.3
127.96502053458484 9.975077975623304 2.498384263125371 1.7895643662139329 0.37343478840027866 0.9276564336069896 0.3
127.96502053458484 9.975077975623304 2.498384263125371 1.7895643662139329 0.37343478840027866 0.9276564336069896 0.3
127.96502053458484 9.975077975623304 2.498384263125371 1.7895643662139329 0.37343478840027866 0.9276564336069896 0.3
127.96502053458484 9.975077975623304 2.498384263125371 1.7895643662139329 0.37343478840027866 0.9276564336069896 0.3
127.96502053458484 9.975077975623304 2.498384263125371 1.7895643662139329 0.37343478840027866 0.9276564336069896 0.3
127.96502053458484 9.975077975623304 2.498384263125371 1.7895643662139329 0.37343478840027866 0.9276564336069896 0.3
127.96502053458484 9.975077975623304 2.498384263125371 1.7895643662139329 0.37343478840027866 0.9276564336069896 0.3
127.9814894745206 9.95890463743658 2.4782028865526886 1.7570768377651036 0.21618850111041443 0.976351643613935 0.3
128.03313033259244 10.003338180649534 2.1879365605802223 1.6355608481531418 0.25586488965129456 0.9667125520255392 0.3
128.03313033259244 10.003338180649534 2.1879365605802223 1.6355608481531418 0.25586488965129456 0.9667125520255392 0.3
128.03313033259244 10.003338180649534 2.1879365605802223 1.6355608481531418 0.25586488965129456 0.9667125520255392 0.3
128.03313033259244 10.003338180649534 2.1879365605802223 1.6355608481531418 0.25586488965129456 0.9667125520255392 0.3
128.03313033259244 10.003338180649534 2.1879365605802223 1.6355608481531418 0.25586488965129456 0.9667125520255392 0.3
128.03313033259244 10.003338180649534 2.1879365605802223 1.6355608481531418 0.25586488965129456 0.9667125520255392 0.3
128.03313033259244 10.003338180649534 2.1879365605802223 1.6355608481531418 0.25586488965129456 0.9667125520255392 0.3
128.03313033259244 10.003338180649534 2.1879365605802223 1.6355608481531418 0.25586488965129456 0.9667125520255392 0.3
128.03313033259244 10.003338180649534 2.1879365605802223 1.6355608481531418 0.25586488965129456 0.9667125520255392 0.3
128.03313033259244 10.003338180649534 2.1879365605802223 1.6355608481531418 0.25586488965129456 0.9667125520255392 0.3
128.03313033259244 10.003338180649534 2.1879365605802223 1.6355608481531418 0.25586488965129456 0.9667125520255392 0.3
128.03313033259244 10.003338180649534 2.1879365605802223 1.6355608481531418 0.25586488965129456 0.9667125520255392 0.3
128.03313033259244 10.003338180649534 2.1879365605802223 1.6355608481531418 0.25586488965129456 0.9667125520255392 0.3
128.03313033259244 10.003338180649534 2.1879365605802223 1.6355608481531418 0.25586488965129456 0.9667125520255392 0.3
128.03313033259244 10.003338180649534 2.1879365605802223 1.6355608481531418 0.25586488965129456 0.9667125520255392 0.3
128.03313033259244 10.003338180649534 2.1879365605802223 1.6355608481531418 0.25586488965129456 0.9667125520255392 0.3
128.03313033259244 10.003338180649534 2.1879365605802223 1.6355608481531418 0.25586488965129456 0.9667125520255392 0.3
128.03313033259244 10.003338180649534 2.1879365605802223 1.6355608481531418 0.25586488965129456 0.9667125520255392 0.3
128.03313033259244 10.003338180649534 2.1879365605802223 1.6355608481531418 0.25586488965129456 0.9667125520255392 0.3
128.03313033259244 10.003338180649534 2.1879365605802223 1.6355608481531418 0.25586488965129456 0.9667125520255392 0.3
128.03313033259244 10.003338180649534 2.1879365605802223 1.6355608481531418 0.25586488965129456 0.9667125520255392 0.3
128.03313033259244 10.003338180649534 2.1879365605802223 1.6355608481531418 0.25586488965129456 0.9667125520255392 0.3
128.03313033259244 10.003338180649534 2.1879365605802223 1.6355608481531418 0.25586488965129456 0.9667125520255392 0.3
128.03313033259244 10.003338180649534 2.1879365605802223 1.6355608481531418 0.25586488965129456 0.9667125520255392 0.3
128.03313033259244 10.003338180649534 2.1879365605802223 1.6355608481531418 0.25586488965129456 0.9667125520255392 0.3
128.03313033259244 10.003338180649534 2.1879365605802223 1.6355608481531418 0.25586488965129456 0.9667125520255392 0.3
128.03313033259244 10.003338180649534 2.1879365605802223 1.6355608481531418 0.25586488965129456 0.9667125520255392 0.3
128.03313033259244 10.003338180649534 2.1879365605802223 1.6355608481531418 0.25586488965129456 0.9667125520255392 0.3
128.03313033259244 10.003338180649534 2.1879365605802223 1.6355608481531418 0.25586488965129456 0.9667125520255392 0.3
128.03313033259244 10.003338180649534 2.1879365605802223 1.6355608481531418 0.25586488965129456 0.9667125520255392 0.3
128.03313033259244 10.003338180649534 2.1879365605802223 1.6355608481531418 0.25586488965129456 0.9667125520255392 0.3
128.03313033259244 10.003338180649534 2.1879365605802223 1.6355608481531418 0.25586488965129456 0.9667125520255392 0.3
128.03313033259244 10.003338180649534 2.1879365605802223 1.6355608481531418 0.25586488965129456 0.9667125520255392 0.3
128.03313033259244 10.003338180649534 2.1879365605802223 1.6355608481531418 0.25586488965129456 0.9667125520255392 0.3
128.03313033259244 10.003338180649534 2.1879365605802223 1.6355608481531418 0.25586488965129456 0.9667125520255392 0.3
