103.89214046731504 135.94399634054705 6.0093249547494585 6.339989675211762 0.9694263337047873 0.24538252488654191 5
103.89214046731504 135.94399634054705 6.0093249547494585 6.339989675211762 0.9694263337047873 0.24538252488654191 0.3
103.89214046731504 135.94399634054705 6.0093249547494585 6.339989675211762 0.9694263337047873 0.24538252488654191 0.3
103.89214046731504 135.94399634054705 6.0093249547494585 6.339989675211762 0.9694263337047873 0.24538252488654191 0.3
103.89214046731504 135.94399634054705 6.0093249547494585 6.339989675211762 0.9694263337047873 0.24538252488654191 0.3
103.89214046731504 135.94399634054705 6.0093249547494585 6.339989675211762 0.9694263337047873 0.24538252488654191 0.3
103.89214046731504 135.94399634054705 6.0093249547494585 6.339989675211762 0.9694263337047873 0.24538252488654191 0.3
103.89214046731504 135.94399634054705 6.0093249547494585 6.339989675211762 0.9694263337047873 0.24538252488654191 0.3
103.89214046731504 135.94399634054705 6.0093249547494585 6.339989675211762 0.9694263337047873 0.24538252488654191 0.3
103.89214046731504 135.94399634054705 6.0093249547494585 6.339989675211762 0.9694263337047873 0.24538252488654191 0.3
103.89214046731504 135.94399634054705 6.0093249547494585 6.339989675211762 0.9694263337047873 0.24538252488654191 0.3
103.89214046731504 135.94399634054705 6.0093249547494585 6.339989675211762 0.9694263337047873 0.24538252488654191 0.3
103.89214046731504 135.94399634054705 6.0093249547494585 6.339989675211762 0.9694263337047873 0.24538252488654191 0.3
103.89214046731504 135.94399634054705 6.0093249547494585 6.339989675211762 0.9694263337047873 0.24538252488654191 0.3
103.89214046731504 135.94399634054705 6.0093249547494585 6.339989675211762 0.9694263337047873 0.24538252488654191 0.3
103.89214046731504 135.94399634054705 6.0093249547494585 6.339989675211762 0.9694263337047873 0.24538252488654191 0.3
103.89214046731504 135.94399634054705 6.0093249547494585 6.339989675211762 0.9694263337047873 0.24538252488654191 0.3
103.89214046731504 135.94399634054705 6.0093249547494585 6.339989675211762 0.9694263337047873 0.24538252488654191 0.3
103.89214046731504 135.94399634054705 6.0093249547494585 6.339989675211762 0.9694263337047873 0.24538252488654191 0.3
103.89214046731504 135.94399634054705 6.0093249547494585 6.339989675211762 0.9694263337047873 0.24538252488654191 0.3
103.89214046731504 135.94399634054705 6.0093249547494585 6.339989675211762 0.9694263337047873 0.24538252488654191 0.3
103.89214046731504 135.94399634054705 6.0093249547494585 6.339989675211762 0.9694263337047873 0.24538252488654191 0.3
103.89214046731504 135.94399634054705 6.0093249547494585 6.339989675211762 0.9694263337047873 0.24538252488654191 0.3
103.89214046731504 135.94399634054705 6.0093249547494585 6.339989675211762 0.9694263337047873 0.24538252488654191 0.3
103.89214046731504 135.94399634054705 6.0093249547494585 6.339989675211762 0.9694263337047873 0.24538252488654191 0.3
103.89214046731504 135.94399634054705 6.0093249547494585 6.339989675211762 0.9694263337047873 0.24538252488654191 0.3
103.89214046731504 135.94399634054705 6.0093249547494585 6.339989675211762 0.9694263337047873 0.24538252488654191 0.3
103.89214046731504 135.94399634054705 6.0093249547494585 6.339989675211762 0.9694263337047873 0.24538252488654191 0.3
103.89214046731504 135.94399634054705 6.0093249547494585 6.339989675211762 0.9694263337047873 0.24538252488654191 0.3
103.89214046731504 135.94399634054705 6.0093249547494585 6.339989675211762 0.9694263337047873 0.24538252488654191 0.3
103.89214046731504 135.94399634054705 6.0093249547494585 6.339989675211762 0.9694263337047873 0.24538252488654191 0.3
103.89214046731504 135.94399634054705 6.0093249547494585 6.339989675211762 0.9694263337047873 0.24538252488654191 0.3
103.89214046731504 135.94399634054705 6.0093249547494585 6.339989675211762 0.9694263337047873 0.24538252488654191 0.3
103.89214046731504 135.94399634054705 6.0093249547494585 6.339989675211762 0.9694263337047873 0.24538252488654191 0.3
103.89214046731504 135.94399634054705 6.0093249547494585 6.339989675211762 0.9694263337047873 0.24538252488654191 0.3
103.89214046731504 135.94399634054705 6.0093249547494585 6.339989675211762 0.9694263337047873 0.24538252488654191 0.3
103.89214046731504 135.94399634054705 6.0093249547494585 6.339989675211762 0.9694263337047873 0.24538252488654191 0.3
103.89214046731504 135.94399634054705 6.0093249547494585 6.339989675211762 0.9694263337047873 0.24538252488654191 0.3
103.89214046731504 135.94399634054705 6.0093249547494585 6.339989675211762 0.9694263337047873 0.24538252488654191 0.3
103.89214046731504 135.94399634054705 6.0093249547494585 6.339989675211762 0.9694263337047873 0.24538252488654191 0.3
103.89214046731504 135.94399634054705 6.0093249547494585 6.339989675211762 0.9694263337047873 0.24538252488654191 0.3
103.89214046731504 135.94399634054705 6.0093249547494585 6.339989675211762 0.9694263337047873 0.24538252488654191 0.3
103.89214046731504 135.94399634054705 6.0093249547494585 6.339989675211762 0.9694263337047873 0.24538252488654191 0.3
103.89214046731504 135.94399634054705 6.0093249547494585 6.339989675211762 0.9694263337047873 0.24538252488654191 0.3
103.89214046731504 135.94399634054705 6.0093249547494585 6.339989675211762 0.9694263337047873 0.24538252488654191 0.3
103.89214046731504 135.94399634054705 6.0093249547494585 6.339989675211762 0.9694263337047873 0.24538252488654191 0.3
103.89214046731504 135.94399634054705 6.0093249547494585 6.339989675211762 0.9694263337047873 0.24538252488654191 0.3
103.89214046731504 135.94399634054705 6.0093249547494585 6.339989675211762 0.9694263337047873 0.24538252488654191 0.3
103.89214046731504 135.94399634054705 6.0093249547494585 6.339989675211762 0.9694263337047873 0.24538252488654191 0.3
103.89214046731504 135.94399634054705 6.0093249547494585 6.339989675211762 0.9694263337047873 0.24538252488654191 0.3
103.89214046731504 135.94399634054705 6.0093249547494585 6.339989675211762 0.9694263337047873 0.24538252488654191 0.3
103.89214046731504 135.94399634054705 6.0093249547494585 6.339989675211762 0.9694263337047873 0.24538252488654191 0.3
103.89214046731504 135.94399634054705 6.0093249547494585 6.339989675211762 0.9694263337047873 0.24538252488654191 0.3
103.89214046731504 135.94399634054705 6.0093249547494585 6.339989675211762 0.9694263337047873 0.24538252488654191 0.3
103.89214046731504 135.94399634054705 6.0093249547494585 6.339989675211762 0.9694263337047873 0.24538252488654191 0.3
103.89214046731504 135.94399634054705 6.0093249547494585 6.339989675211762 0.9694263337047873 0.24538252488654191 0.3
103.89214046731504 135.94399634054705 6.0093249547494585 6.339989675211762 0.9694263337047873 0.24538252488654191 0.3
103.89214046731504 135.94399634054705 6.0093249547494585 6.339989675211762 0.9694263337047873 0.24538252488654191 0.3
103.89214046731504 135.94399634054705 6.0093249547494585 6.339989675211762 0.9694263337047873 0.24538252488654191 0.3
103.89214046731504 135.94399634054705 6.0093249547494585 6.339989675211762 0.9694263337047873 0.24538252488654191 0.3
103.89214046731504 135.94399634054705 6.0093249547494585 6.339989675211762 0.9694263337047873 0.24538252488654191 0.3
103.89214046731504 135.94399634054705 6.0093249547494585 6.339989675211762 0.9694263337047873 0.24538252488654191 0.3
103.89214046731504 135.94399634054705 6.0093249547494585 6.339989675211762 0.9694263337047873 0.24538252488654191 0.3
103.89214046731504 135.94399634054705 6.0093249547494585 6.339989675211762 0.9694263337047873 0.24538252488654191 0.3
103.89214046731504 135.94399634054705 6.0093249547494585 6.339989675211762 0.9694263337047873 0.24538252488654191 0.3
103.89214046731504 135.94399634054705 6.0093249547494585 6.339989675211762 0.9694263337047873 0.24538252488654191 0.3
103.89214046731504 135.94399634054705 6.0093249547494585 6.339989675211762 0.9694263337047873 0.24538252488654191 0.3
103.89214046731504 135.94399634054705 6.0093249547494585 6.339989675211762 0.9694263337047873 0.24538252488654191 0.3
103.89214046731504 135.94399634054705 6.0093249547494585 6.339989675211762 0.9694263337047873 0.24538252488654191 0.3
103.89214046731504 135.94399634054705 6.0093249547494585 6.339989675211762 0.9694263337047873 0.24538252488654191 0.3
103.89214046731504 135.94399634054705 6.0093249547494585 6.339989675211762 0.9694263337047873 0.24538252488654191 0.3
103.89214046731504 135.94399634054705 6.0093249547494585 6.339989675211762 0.9694263337047873 0.24538252488654191 0.3
103.89214046731504 135.94399634054705 6.0093249547494585 6.339989675211762 0.9694263337047873 0.24538252488654191 0.3
103.89214046731504 135.94399634054705 6.0093249547494585 6.339989675211762 0.9694263337047873 0.24538252488654191 0.3
103.89214046731504 135.94399634054705 6.0093249547494585 6.339989675211762 0.9694263337047873 0.24538252488654191 0.3
103.89214046731504 135.94399634054705 6.0093249547494585 6.339989675211762 0.9694263337047873 0.24538252488654191 0.3
103.89214046731504 135.94399634054705 6.0093249547494585 6.339989675211762 0.9694263337047873 0.24538252488654191 0.3
103.89214046731504 135.94399634054705 6.0093249547494585 6.339989675211762 0.9694263337047873 0.24538252488654191 0.3
103.89214046731504 135.94399634054705 6.0093249547494585 6.339989675211762 0.9694263337047873 0.24538252488654191 0.3
103.89214046731504 135.94399634054705 6.0093249547494585 6.339989675211762 0.9694263337047873 0.24538252488654191 0.3
103.89214046731504 135.94399634054705 6.0093249547494585 6.339989675211762 0.9694263337047873 0.24538252488654191 0.3
103.89214046731504 135.94399634054705 6.0093249547494585 6.339989675211762 0.9694263337047873 0.24538252488654191 0.3
103.89214046731504 135.94399634054705 6.0093249547494585 6.339989675211762 0.9694263337047873 0.24538252488654191 0.3
103.89214046731504 135.94399634054705 6.0093249547494585 6.339989675211762 0.9694263337047873 0.24538252488654191 0.3
103.89214046731504 135.94399634054705 6.0093249547494585 6.339989675211762 0.9694263337047873 0.24538252488654191 0.3
103.89214046731504 135.94399634054705 6.0093249547494585 6.339989675211762 0.9694263337047873 0.24538252488654191 0.3
103.89214046731504 135.94399634054705 6.0093249547494585 6.339989675211762 0.9694263337047873 0.24538252488654191 0.3
103.89214046731504 135.94399634054705 6.0093249547494585 6.339989675211762 0.9694263337047873 0.24538252488654191 0.3
103.89214046731504 135.94399634054705 6.0093249547494585 6.339989675211762 0.9694263337047873 0.24538252488654191 0.3
103.89214046731504 135.94399634054705 6.0093249547494585 6.339989675211762 0.9694263337047873 0.24538252488654191 0.3
103.89214046731504 135.94399634054705 6.0093249547494585 6.339989675211762 0.9694263337047873 0.24538252488654191 0.3
103.89214046731504 135.94399634054705 6.0093249547494585 6.339989675211762 0.9694263337047873 0.24538252488654191 0.3
103.89214046731504 135.94399634054705 6.0093249547494585 6.339989675211762 0.9694263337047873 0.24538252488654191 0.3
103.89214046731504 135.94399634054705 6.0093249547494585 6.339989675211762 0.9694263337047873 0.24538252488654191 0.3
103.89214046731504 135.94399634054705 6.0093249547494585 6.339989675211762 0.9694263337047873 0.24538252488654191 0.3
103.89214046731504 135.94399634054705 6.0093249547494585 6.339989675211762 0.9694263337047873 0.24538252488654191 0.3
103.89214046731504 135.94399634054705 6.0093249547494585 6.339989675211762 0.9694263337047873 0.24538252488654191 0.3
103.89214046731504 135.94399634054705 6.0093249547494585 6.339989675211762 0.9694263337047873 0.24538252488654191 0.3
103.89214046731504 135.94399634054705 6.0093249547494585 6.339989675211762 0.9694263337047873 0.24538252488654191 0.3
103.89214046731504 135.94399634054705 6.0093249547494585 6.339989675211762 0.9694263337047873 0.24538252488654191 0.3
103.89214046731504 135.94399634054705 6.0093249547494585 6.339989675211762 0.9694263337047873 0.24538252488654191 0.3
103.89214046731504 135.94399634054705 6.0093249547494585 6.339989675211762 0.9694263337047873 0.24538252488654191 0.3
103.89214046731504 135.94399634054705 6.0093249547494585 6.339989675211762 0.9694263337047873 0.24538252488654191 0.3
103.89214046731504 135.94399634054705 6.0093249547494585 6.339989675211762 0.9694263337047873 0.24538252488654191 0.3
103.89214046731504 135.94399634054705 6.0093249547494585 6.339989675211762 0.9694263337047873 0.24538252488654191 0.3
103.89214046731504 135.94399634054705 6.0093249547494585 6.339989675211762 0.9694263337047873 0.24538252488654191 0.3
103.89214046731504 135.94399634054705 6.0093249547494585 6.339989675211762 0.9694263337047873 0.24538252488654191 0.3
103.89214046731504 135.94399634054705 6.0093249547494585 6.339989675211762 0.9694263337047873 0.24538252488654191 0.3
103.89214046731504 135.94399634054705 6.0093249547494585 6.339989675211762 0.9694263337047873 0.24538252488654191 0.3
103.89214046731504 135.94399634054705 6.0093249547494585 6.339989675211762 0.9694263337047873 0.24538252488654191 0.3
103.89214046731504 135.94399634054705 6.0093249547494585 6.339989675211762 0.9694263337047873 0.24538252488654191 0.3
103.89214046731504 135.94399634054705 6.0093249547494585 6.339989675211762 0.9694263337047873 0.24538252488654191 0.3
103.89214046731504 135.94399634054705 6.0093249547494585 6.339989675211762 0.9694263337047873 0.24538252488654191 0.3
103.89214046731504 135.94399634054705 6.0093249547494585 6.339989675211762 0.9694263337047873 0.24538252488654191 0.3
103.89214046731504 135.94399634054705 6.0093249547494585 6.339989675211762 0.9694263337047873 0.24538252488654191 0.3
103.89214046731504 135.94399634054705 6.0093249547494585 6.339989675211762 0.9694263337047873 0.24538252488654191 0.3
103.89214046731504 135.94399634054705 6.0093249547494585 6.339989675211762 0.9694263337047873 0.24538252488654191 0.3
103.89214046731504 135.94399634054705 6.0093249547494585 6.339989675211762 0.9694263337047873 0.24538252488654191 0.3
103.89214046731504 135.94399634054705 6.0093249547494585 6.339989675211762 0.9694263337047873 0.24538252488654191 0.3
103.89214046731504 135.94399634054705 6.0093249547494585 6.339989675211762 0.9694263337047873 0.24538252488654191 0.3
103.89214046731504 135.94399634054705 6.0093249547494585 6.339989675211762 0.9694263337047873 0.24538252488654191 0.3
103.89214046731504 135.94399634054705 6.0093249547494585 6.339989675211762 0.9694263337047873 0.24538252488654191 0.3
103.89214046731504 135.94399634054705 6.0093249547494585 6.339989675211762 0.9694263337047873 0.24538252488654191 0.3
103.89214046731504 135.94399634054705 6.0093249547494585 6.339989675211762 0.9694263337047873 0.24538252488654191 0.3
103.89214046731504 135.94399634054705 6.0093249547494585 6.339989675211762 0.9694263337047873 0.24538252488654191 0.3
103.89214046731504 135.94399634054705 6.0093249547494585 6.339989675211762 0.9694263337047873 0.24538252488654191 0.3
103.89214046731504 135.94399634054705 6.0093249547494585 6.339989675211762 0.9694263337047873 0.24538252488654191 0.3
103.89214046731504 135.94399634054705 6.0093249547494585 6.339989675211762 0.9694263337047873 0.24538252488654191 0.3
103.89214046731504 135.94399634054705 6.0093249547494585 6.339989675211762 0.9694263337047873 0.24538252488654191 0.3
103.89214046731504 135.94399634054705 6.0093249547494585 6.339989675211762 0.9694263337047873 0.24538252488654191 0.3
103.89214046731504 135.94399634054705 6.0093249547494585 6.339989675211762 0.9694263337047873 0.24538252488654191 0.3
103.89214046731504 135.94399634054705 6.0093249547494585 6.339989675211762 0.9694263337047873 0.24538252488654191 0.3
103.89214046731504 135.94399634054705 6.0093249547494585 6.339989675211762 0.9694263337047873 0.24538252488654191 0.3
103.89214046731504 135.94399634054705 6.0093249547494585 6.339989675211762 0.9694263337047873 0.24538252488654191 0.3
103.89214046731504 135.94399634054705 6.0093249547494585 6.339989675211762 0.9694263337047873 0.24538252488654191 0.3
103.89214046731504 135.94399634054705 6.0093249547494585 6.339989675211762 0.9694263337047873 0.24538252488654191 0.3
103.89214046731504 135.94399634054705 6.0093249547494585 6.339989675211762 0.9694263337047873 0.24538252488654191 0.3
103.89214046731504 135.94399634054705 6.0093249547494585 6.339989675211762 0.9694263337047873 0.24538252488654191 0.3
103.89214046731504 135.94399634054705 6.0093249547494585 6.339989675211762 0.9694263337047873 0.24538252488654191 0.3
103.89214046731504 135.94399634054705 6.0093249547494585 6.339989675211762 0.9694263337047873 0.24538252488654191 0.3
103.89214046731504 135.94399634054705 6.0093249547494585 6.339989675211762 0.9694263337047873 0.24538252488654191 0.3
103.89214046731504 135.94399634054705 6.0093249547494585 6.339989675211762 0.9694263337047873 0.24538252488654191 0.3
103.89214046731504 135.94399634054705 6.0093249547494585 6.339989675211762 0.9694263337047873 0.24538252488654191 0.3
103.89214046731504 135.94399634054705 6.0093249547494585 6.339989675211762 0.9694263337047873 0.24538252488654191 0.3
103.89214046731504 135.94399634054705 6.0093249547494585 6.339989675211762 0.9694263337047873 0.24538252488654191 0.3
104.01749906808807 135.99953390952635 3.364966820171796 6.104022753880435 0.970390753298865 0.24154044363638402 0.3
104.05673035926168 136.00641273349544 2.67711921298512 6.813457360316078 0.9630220685127618 0.2694225223647821 0.3
104.04595933158421 135.982024530455 2.3736268290384612 5.286976237197468 0.9790068953836761 0.20382712967418215 0.3
104.05351741959488 136.0581720513828 1.871840675906083 6.097830503816617 0.9858464262097245 0.1676508989821238 0.3
103.96793369030601 136.0869582867945 1.840932653105767 4.834538064549998 0.9865688192219941 0.16334615067065467 0.3
103.9901840732893 135.92755523586763 1.592049636865256 4.735666067591198 0.9877184761183396 0.15624407807806634 0.3
103.97122875678015 135.99969384408442 1.6366539946196583 3.8284773364493114 0.9917636438279144 0.12808151615739768 0.3
103.96599020572107 136.0086681932354 1.5787976447851877 3.0599048997455185 0.998900775037182 0.04687474405388405 0.3
103.99088485730364 135.95697034973728 1.5425139101620586 2.6050961236805086 0.9999059285916615 0.01371619361365265 0.3
104.00997928365325 135.95750879891287 1.530854880201323 2.4867374073619173 0.9957886250712086 0.0916788644061 0.3
104.00997928365325 135.95750879891287 1.530854880201323 2.4867374073619173 0.9957886250712086 0.0916788644061 0.3
104.00997928365325 135.95750879891287 1.530854880201323 2.4867374073619173 0.9957886250712086 0.0916788644061 0.3
104.00997928365325 135.95750879891287 1.530854880201323 2.4867374073619173 0.9957886250712086 0.0916788644061 0.3
104.00997928365325 135.95750879891287 1.530854880201323 2.4867374073619173 0.9957886250712086 0.0916788644061 0.3
104.00997928365325 135.95750879891287 1.530854880201323 2.4867374073619173 0.9957886250712086 0.0916788644061 0.3
104.00997928365325 135.95750879891287 1.530854880201323 2.4867374073619173 0.9957886250712086 0.0916788644061 0.3
104.00997928365325 135.95750879891287 1.530854880201323 2.4867374073619173 0.9957886250712086 0.0916788644061 0.3
104.00997928365325 135.95750879891287 1.530854880201323 2.4867374073619173 0.9957886250712086 0.0916788644061 0.3
104.00997928365325 135.95750879891287 1.530854880201323 2.4867374073619173 0.9957886250712086 0.0916788644061 0.3
104.00997928365325 135.95750879891287 1.530854880201323 2.4867374073619173 0.9957886250712086 0.0916788644061 0.3
104.00997928365325 135.95750879891287 1.530854880201323 2.4867374073619173 0.9957886250712086 0.0916788644061 0.3
104.00997928365325 135.95750879891287 1.530854880201323 2.4867374073619173 0.9957886250712086 0.0916788644061 0.3
104.00997928365325 135.95750879891287 1.530854880201323 2.4867374073619173 0.9957886250712086 0.0916788644061 0.3
104.00997928365325 135.95750879891287 1.530854880201323 2.4867374073619173 0.9957886250712086 0.0916788644061 0.3
104.00997928365325 135.95750879891287 1.530854880201323 2.4867374073619173 0.9957886250712086 0.0916788644061 0.3
104.00997928365325 135.95750879891287 1.530854880201323 2.4867374073619173 0.9957886250712086 0.0916788644061 0.3
104.00997928365325 135.95750879891287 1.530854880201323 2.4867374073619173 0.9957886250712086 0.0916788644061 0.3
104.00997928365325 135.95750879891287 1.530854880201323 2.4867374073619173 0.9957886250712086 0.0916788644061 0.3
104.00997928365325 135.95750879891287 1.530854880201323 2.4867374073619173 0.9957886250712086 0.0916788644061 0.3
104.00997928365325 135.95750879891287 1.530854880201323 2.4867374073619173 0.9957886250712086 0.0916788644061 0.3
104.00997928365325 135.95750879891287 1.530854880201323 2.4867374073619173 0.9957886250712086 0.0916788644061 0.3
104.00997928365325 135.95750879891287 1.530854880201323 2.4867374073619173 0.9957886250712086 0.0916788644061 0.3
104.00997928365325 135.95750879891287 1.530854880201323 2.4867374073619173 0.9957886250712086 0.0916788644061 0.3
104.00997928365325 135.95750879891287 1.530854880201323 2.4867374073619173 0.9957886250712086 0.0916788644061 0.3
104.00997928365325 135.95750879891287 1.530854880201323 2.4867374073619173 0.9957886250712086 0.0916788644061 0.3
104.00997928365325 135.95750879891287 1.530854880201323 2.4867374073619173 0.9957886250712086 0.0916788644061 0.3
104.00997928365325 135.95750879891287 1.530854880201323 2.4867374073619173 0.9957886250712086 0.0916788644061 0.3
104.00997928365325 135.95750879891287 1.530854880201323 2.4867374073619173 0.9957886250712086 0.0916788644061 0.3
104.00997928365325 135.95750879891287 1.530854880201323 2.4867374073619173 0.9957886250712086 0.0916788644061 0.3
104.00997928365325 135.95750879891287 1.530854880201323 2.4867374073619173 0.9957886250712086 0.0916788644061 0.3
104.00997928365325 135.95750879891287 1.530854880201323 2.4867374073619173 0.9957886250712086 0.0916788644061 0.3
104.00997928365325 135.95750879891287 1.530854880201323 2.4867374073619173 0.9957886250712086 0.0916788644061 0.3
