96.86217509928687 8.940397212406587 12.404196012642078 8.91114636528418 0.07578418467950293 0.9971242436890515 5
96.86217509928687 8.940397212406587 12.404196012642078 8.91114636528418 0.07578418467950293 0.9971242436890515 0.3
96.86217509928687 8.940397212406587 12.404196012642078 8.91114636528418 0.07578418467950293 0.9971242436890515 0.3
96.86217509928687 8.940397212406587 12.404196012642078 8.91114636528418 0.07578418467950293 0.9971242436890515 0.3
96.86217509928687 8.940397212406587 12.404196012642078 8.91114636528418 0.07578418467950293 0.9971242436890515 0.3
96.86217509928687 8.940397212406587 12.404196012642078 8.91114636528418 0.07578418467950293 0.9971242436890515 0.3
96.86217509928687 8.940397212406587 12.404196012642078 8.91114636528418 0.07578418467950293 0.9971242436890515 0.3
96.86217509928687 8.940397212406587 12.404196012642078 8.91114636528418 0.07578418467950293 0.9971242436890515 0.3
96.86217509928687 8.940397212406587 12.404196012642078 8.91114636528418 0.07578418467950293 0.9971242436890515 0.3
96.86217509928687 8.940397212406587 12.404196012642078 8.91114636528418 0.07578418467950293 0.9971242436890515 0.3
96.86217509928687 8.940397212406587 12.404196012642078 8.91114636528418 0.07578418467950293 0.9971242436890515 0.3
96.86217509928687 8.940397212406587 12.404196012642078 8.91114636528418 0.07578418467950293 0.9971242436890515 0.3
96.86217509928687 8.940397212406587 12.404196012642078 8.91114636528418 0.07578418467950293 0.9971242436890515 0.3
96.86217509928687 8.940397212406587 12.404196012642078 8.91114636528418 0.07578418467950293 0.9971242436890515 0.3
96.86217509928687 8.940397212406587 12.404196012642078 8.91114636528418 0.07578418467950293 0.9971242436890515 0.3
96.86217509928687 8.940397212406587 12.404196012642078 8.91114636528418 0.07578418467950293 0.9971242436890515 0.3
96.86217509928687 8.940397212406587 12.404196012642078 8.91114636528418 0.07578418467950293 0.9971242436890515 0.3
96.86217509928687 8.940397212406587 12.404196012642078 8.91114636528418 0.07578418467950293 0.9971242436890515 0.3
96.86217509928687 8.940397212406587 12.404196012642078 8.91114636528418 0.07578418467950293 0.9971242436890515 0.3
96.86217509928687 8.940397212406587 12.404196012642078 8.91114636528418 0.07578418467950293 0.9971242436890515 0.3
96.86217509928687 8.940397212406587 12.404196012642078 8.91114636528418 0.07578418467950293 0.9971242436890515 0.3
96.86217509928687 8.940397212406587 12.404196012642078 8.91114636528418 0.07578418467950293 0.9971242436890515 0.3
96.86217509928687 8.940397212406587 12.404196012642078 8.91114636528418 0.07578418467950293 0.9971242436890515 0.3
96.86217509928687 8.940397212406587 12.404196012642078 8.91114636528418 0.07578418467950293 0.9971242436890515 0.3
96.86217509928687 8.940397212406587 12.404196012642078 8.91114636528418 0.07578418467950293 0.9971242436890515 0.3
96.86217509928687 8.940397212406587 12.404196012642078 8.91114636528418 0.07578418467950293 0.9971242436890515 0.3
96.86217509928687 8.940397212406587 12.404196012642078 8.91114636528418 0.07578418467950293 0.9971242436890515 0.3
96.86217509928687 8.940397212406587 12.404196012642078 8.91114636528418 0.07578418467950293 0.9971242436890515 0.3
96.86217509928687 8.940397212406587 12.404196012642078 8.91114636528418 0.07578418467950293 0.9971242436890515 0.3
96.86217509928687 8.940397212406587 12.404196012642078 8.91114636528418 0.07578418467950293 0.9971242436890515 0.3
96.86217509928687 8.940397212406587 12.404196012642078 8.91114636528418 0.07578418467950293 0.9971242436890515 0.3
96.86217509928687 8.940397212406587 12.404196012642078 8.91114636528418 0.07578418467950293 0.9971242436890515 0.3
96.86217509928687 8.940397212406587 12.404196012642078 8.91114636528418 0.07578418467950293 0.9971242436890515 0.3
96.86217509928687 8.940397212406587 12.404196012642078 8.91114636528418 0.07578418467950293 0.9971242436890515 0.3
96.86217509928687 8.940397212406587 12.404196012642078 8.91114636528418 0.07578418467950293 0.9971242436890515 0.3
96.86217509928687 8.940397212406587 12.404196012642078 8.91114636528418 0.07578418467950293 0.9971242436890515 0.3
96.86217509928687 8.940397212406587 12.404196012642078 8.91114636528418 0.07578418467950293 0.9971242436890515 0.3
96.86217509928687 8.940397212406587 12.404196012642078 8.91114636528418 0.07578418467950293 0.9971242436890515 0.3
96.86217509928687 8.940397212406587 12.404196012642078 8.91114636528418 0.07578418467950293 0.9971242436890515 0.3
96.86217509928687 8.940397212406587 12.404196012642078 8.91114636528418 0.07578418467950293 0.9971242436890515 0.3
96.86217509928687 8.940397212406587 12.404196012642078 8.91114636528418 0.07578418467950293 0.9971242436890515 0.3
96.86217509928687 8.940397212406587 12.404196012642078 8.91114636528418 0.07578418467950293 0.9971242436890515 0.3
96.86217509928687 8.940397212406587 12.404196012642078 8.91114636528418 0.07578418467950293 0.9971242436890515 0.3
96.86217509928687 8.940397212406587 12.404196012642078 8.91114636528418 0.07578418467950293 0.9971242436890515 0.3
96.86217509928687 8.940397212406587 12.404196012642078 8.91114636528418 0.07578418467950293 0.9971242436890515 0.3
96.86217509928687 8.940397212406587 12.404196012642078 8.91114636528418 0.07578418467950293 0.9971242436890515 0.3
96.86217509928687 8.940397212406587 12.404196012642078 8.91114636528418 0.07578418467950293 0.9971242436890515 0.3
96.86217509928687 8.940397212406587 12.404196012642078 8.91114636528418 0.07578418467950293 0.9971242436890515 0.3
96.86217509928687 8.940397212406587 12.404196012642078 8.91114636528418 0.07578418467950293 0.9971242436890515 0.3
96.86217509928687 8.940397212406587 12.404196012642078 8.91114636528418 0.07578418467950293 0.9971242436890515 0.3
96.86217509928687 8.940397212406587 12.404196012642078 8.91114636528418 0.07578418467950293 0.9971242436890515 0.3
96.86217509928687 8.940397212406587 12.404196012642078 8.91114636528418 0.07578418467950293 0.9971242436890515 0.3
96.86217509928687 8.940397212406587 12.404196012642078 8.91114636528418 0.07578418467950293 0.9971242436890515 0.3
96.86217509928687 8.940397212406587 12.404196012642078 8.91114636528418 0.07578418467950293 0.9971242436890515 0.3
96.86217509928687 8.940397212406587 12.404196012642078 8.91114636528418 0.07578418467950293 0.9971242436890515 0.3
96.86217509928687 8.940397212406587 12.404196012642078 8.91114636528418 0.07578418467950293 0.9971242436890515 0.3
96.86217509928687 8.940397212406587 12.404196012642078 8.91114636528418 0.07578418467950293 0.9971242436890515 0.3
96.86217509928687 8.940397212406587 12.404196012642078 8.91114636528418 0.07578418467950293 0.9971242436890515 0.3
96.86217509928687 8.940397212406587 12.404196012642078 8.91114636528418 0.07578418467950293 0.9971242436890515 0.3
96.86217509928687 8.940397212406587 12.404196012642078 8.91114636528418 0.07578418467950293 0.9971242436890515 0.3
96.86217509928687 8.940397212406587 12.404196012642078 8.91114636528418 0.07578418467950293 0.9971242436890515 0.3
96.86217509928687 8.940397212406587 12.404196012642078 8.91114636528418 0.07578418467950293 0.9971242436890515 0.3
96.86217509928687 8.940397212406587 12.404196012642078 8.91114636528418 0.07578418467950293 0.9971242436890515 0.3
96.86217509928687 8.940397212406587 12.404196012642078 8.91114636528418 0.07578418467950293 0.9971242436890515 0.3
96.86217509928687 8.940397212406587 12.404196012642078 8.91114636528418 0.07578418467950293 0.9971242436890515 0.3
96.86217509928687 8.940397212406587 12.404196012642078 8.91114636528418 0.07578418467950293 0.9971242436890515 0.3
96.86217509928687 8.940397212406587 12.404196012642078 8.91114636528418 0.07578418467950293 0.9971242436890515 0.3
96.86217509928687 8.940397212406587 12.404196012642078 8.91114636528418 0.07578418467950293 0.9971242436890515 0.3
96.86217509928687 8.940397212406587 12.404196012642078 8.91114636528418 0.07578418467950293 0.9971242436890515 0.3
96.86217509928687 8.940397212406587 12.404196012642078 8.91114636528418 0.07578418467950293 0.9971242436890515 0.3
96.86217509928687 8.940397212406587 12.404196012642078 8.91114636528418 0.07578418467950293 0.9971242436890515 0.3
96.86217509928687 8.940397212406587 12.404196012642078 8.91114636528418 0.07578418467950293 0.9971242436890515 0.3
96.86217509928687 8.940397212406587 12.404196012642078 8.91114636528418 0.07578418467950293 0.9971242436890515 0.3
96.86217509928687 8.940397212406587 12.404196012642078 8.91114636528418 0.07578418467950293 0.9971242436890515 0.3
96.86217509928687 8.940397212406587 12.404196012642078 8.91114636528418 0.07578418467950293 0.9971242436890515 0.3
96.86217509928687 8.940397212406587 12.404196012642078 8.91114636528418 0.07578418467950293 0.9971242436890515 0.3
96.86217509928687 8.940397212406587 12.404196012642078 8.91114636528418 0.07578418467950293 0.9971242436890515 0.3
96.86217509928687 8.940397212406587 12.404196012642078 8.91114636528418 0.07578418467950293 0.9971242436890515 0.3
96.86217509928687 8.940397212406587 12.404196012642078 8.91114636528418 0.07578418467950293 0.9971242436890515 0.3
96.86217509928687 8.940397212406587 12.404196012642078 8.91114636528418 0.07578418467950293 0.9971242436890515 0.3
96.86217509928687 8.940397212406587 12.404196012642078 8.91114636528418 0.07578418467950293 0.9971242436890515 0.3
96.86217509928687 8.940397212406587 12.404196012642078 8.91114636528418 0.07578418467950293 0.9971242436890515 0.3
96.86217509928687 8.940397212406587 12.404196012642078 8.91114636528418 0.07578418467950293 0.9971242436890515 0.3
97.33926180147813 8.986980889181318 12.143431781391843 3.4092305348704945 0.036154098260137886 0.9993462268798519 0.3
96.96706495099222 9.032525285247356 11.813074635788162 2.6547541664993055 0.020530245257476026 0.999789232303323 0.3
97.06714285347475 9.031029185800064 11.655364565174997 2.3666195761942417 0.010775639052629335 0.9999419411160867 0.3
97.04885453294905 8.971610594891597 11.038068559995706 2.118879065731934 0.01677530893693361 0.9998592846046239 0.3
97.02013999697424 9.010540548320892 7.273276873816098 1.8610197323446735 0.04907431171272504 0.9987951301092343 0.3
96.97012535449473 8.960354096541154 6.560798329913126 1.7355912211203157 0.09088928805169202 0.9958610030106895 0.3
96.93115494707826 9.000831920019534 5.63346230882667 1.5429623908377674 0.09985283399312259 0.9950022168535816 0.3
96.87382847378663 8.950162395822044 5.183432046414121 1.6379694945862115 0.12494550152182526 0.9921636062915529 0.3
97.0114051106457 9.009933456397512 4.200990487967376 1.521557959468819 0.08850360297685529 0.9960758566796583 0.3
96.98243220110857 9.003890390404761 3.0139851356532996 1.4591917771016751 0.0758698221184027 0.9971177313094587 0.3
97.0088135663265 9.01975094799634 2.5511802906646155 1.5269644291296869 0.05293779019644627 0.9985978121191319 0.3
96.96080247640388 8.983028439005297 2.196396588223181 1.3444913708096873 0.06429222025804587 0.9979311150647077 0.3
96.99197419149179 9.030504480410436 2.107072956602666 1.4577483735183432 0.10609693266601872 0.9943557918968755 0.3
97.02397474571062 8.98138247722972 1.8679147025371245 1.4217243322886257 0.1669098210313279 0.9859721657548403 0.3
97.02790742846317 9.00760875888724 1.8945293667443313 1.5027973454451935 0.0649838937798461 0.997886312938107 0.3
97.01755647506278 9.002186613734919 1.7555452409982535 1.226293673652954 0.018723894174346282 0.9998246925271189 0.3
96.97685995432293 9.003577813654788 1.6562496168092862 1.2525745087929723 0.03225322523203831 0.999479729390312 0.3
97.01041070805313 8.993361494534003 1.4304156044280982 1.1809937890985593 0.03140567284577642 0.9995067201940686 0.3
97.0163628075735 8.986569114008823 1.4882406333052554 1.2435753141685004 0.12784218034251635 0.9917945235406734 0.3
97.0163628075735 8.986569114008823 1.4882406333052554 1.2435753141685004 0.12784218034251635 0.9917945235406734 0.3
97.0163628075735 8.986569114008823 1.4882406333052554 1.2435753141685004 0.12784218034251635 0.9917945235406734 0.3
97.0163628075735 8.986569114008823 1.4882406333052554 1.2435753141685004 0.12784218034251635 0.9917945235406734 0.3
97.0163628075735 8.986569114008823 1.4882406333052554 1.2435753141685004 0.12784218034251635 0.9917945235406734 0.3
97.0163628075735 8.986569114008823 1.4882406333052554 1.2435753141685004 0.12784218034251635 0.9917945235406734 0.3
97.0163628075735 8.986569114008823 1.4882406333052554 1.2435753141685004 0.12784218034251635 0.9917945235406734 0.3
97.00748642453073 8.991345793820578 1.441754787523795 1.1821505292101622 0.1610876428622158 0.9869401052328836 0.3
97.03142915077002 8.992363424268799 1.276000294075637 1.3618453875978151 0.9252580918681566 0.3793381913708372 0.3
97.01389195594624 9.004900528220652 1.3109515943935408 1.1826915380377439 0.060304806580256415 0.9981800089679806 0.3
97.02795710381407 9.000257346959913 1.089475027803608 1.3817085659363328 0.9720536188285379 0.23475894471211006 0.3
97.02795710381407 9.000257346959913 1.089475027803608 1.3817085659363328 0.9720536188285379 0.23475894471211006 0.3
97.02795710381407 9.000257346959913 1.089475027803608 1.3817085659363328 0.9720536188285379 0.23475894471211006 0.3
97.02795710381407 9.000257346959913 1.089475027803608 1.3817085659363328 0.9720536188285379 0.23475894471211006 0.3
97.02795710381407 9.000257346959913 1.089475027803608 1.3817085659363328 0.9720536188285379 0.23475894471211006 0.3
97.02795710381407 9.000257346959913 1.089475027803608 1.3817085659363328 0.9720536188285379 0.23475894471211006 0.3
97.02795710381407 9.000257346959913 1.089475027803608 1.3817085659363328 0.9720536188285379 0.23475894471211006 0.3
97.02795710381407 9.000257346959913 1.089475027803608 1.3817085659363328 0.9720536188285379 0.23475894471211006 0.3
97.02795710381407 9.000257346959913 1.089475027803608 1.3817085659363328 0.9720536188285379 0.23475894471211006 0.3
97.02795710381407 9.000257346959913 1.089475027803608 1.3817085659363328 0.9720536188285379 0.23475894471211006 0.3
97.02795710381407 9.000257346959913 1.089475027803608 1.3817085659363328 0.9720536188285379 0.23475894471211006 0.3
97.02795710381407 9.000257346959913 1.089475027803608 1.3817085659363328 0.9720536188285379 0.23475894471211006 0.3
97.02795710381407 9.000257346959913 1.089475027803608 1.3817085659363328 0.9720536188285379 0.23475894471211006 0.3
97.02795710381407 9.000257346959913 1.089475027803608 1.3817085659363328 0.9720536188285379 0.23475894471211006 0.3
97.02795710381407 9.000257346959913 1.089475027803608 1.3817085659363328 0.9720536188285379 0.23475894471211006 0.3
97.02795710381407 9.000257346959913 1.089475027803608 1.3817085659363328 0.9720536188285379 0.23475894471211006 0.3
97.02795710381407 9.000257346959913 1.089475027803608 1.3817085659363328 0.9720536188285379 0.23475894471211006 0.3
97.02795710381407 9.000257346959913 1.089475027803608 1.3817085659363328 0.9720536188285379 0.23475894471211006 0.3
97.02795710381407 9.000257346959913 1.089475027803608 1.3817085659363328 0.9720536188285379 0.23475894471211006 0.3
97.02795710381407 9.000257346959913 1.089475027803608 1.3817085659363328 0.9720536188285379 0.23475894471211006 0.3
97.02795710381407 9.000257346959913 1.089475027803608 1.3817085659363328 0.9720536188285379 0.23475894471211006 0.3
97.02795710381407 9.000257346959913 1.089475027803608 1.3817085659363328 0.9720536188285379 0.23475894471211006 0.3
97.02795710381407 9.000257346959913 1.089475027803608 1.3817085659363328 0.9720536188285379 0.23475894471211006 0.3
97.02795710381407 9.000257346959913 1.089475027803608 1.3817085659363328 0.9720536188285379 0.23475894471211006 0.3
97.02795710381407 9.000257346959913 1.089475027803608 1.3817085659363328 0.9720536188285379 0.23475894471211006 0.3
97.00306991522288 9.000767339618633 1.2405216981707843 1.1209382361395481 0.30427332813239577 0.9525847688196759 0.3
97.00269867581338 8.992077692130982 1.069873237389055 1.2515576449721353 0.9337536285594197 0.35791641643282773 0.3
97.00721649955362 8.987759314923533 1.2944148584810866 1.0021466769162666 0.02535781958454897 0.9996784387921536 0.3
97.0300660249266 8.967853668725363 1.1941335407790967 1.0749507186077376 0.1184223953218685 0.9929633106445731 0.3
96.98821338894115 9.008434924625572 1.2040803591702707 0.9831557096921455 0.0013409617725757318 0.999999100910358 0.3
96.98821338894115 9.008434924625572 1.2040803591702707 0.9831557096921455 0.0013409617725757318 0.999999100910358 0.3
96.98821338894115 9.008434924625572 1.2040803591702707 0.9831557096921455 0.0013409617725757318 0.999999100910358 0.3
96.98821338894115 9.008434924625572 1.2040803591702707 0.9831557096921455 0.0013409617725757318 0.999999100910358 0.3
96.98821338894115 9.008434924625572 1.2040803591702707 0.9831557096921455 0.0013409617725757318 0.999999100910358 0.3
96.98821338894115 9.008434924625572 1.2040803591702707 0.9831557096921455 0.0013409617725757318 0.999999100910358 0.3
96.98821338894115 9.008434924625572 1.2040803591702707 0.9831557096921455 0.0013409617725757318 0.999999100910358 0.3
96.98821338894115 9.008434924625572 1.2040803591702707 0.9831557096921455 0.0013409617725757318 0.999999100910358 0.3
96.98821338894115 9.008434924625572 1.2040803591702707 0.9831557096921455 0.0013409617725757318 0.999999100910358 0.3
96.98821338894115 9.008434924625572 1.2040803591702707 0.9831557096921455 0.0013409617725757318 0.999999100910358 0.3
96.98821338894115 9.008434924625572 1.2040803591702707 0.9831557096921455 0.0013409617725757318 0.999999100910358 0.3
96.98867196622727 9.009936954299883 1.179841209446724 0.9455308757608395 0.00544117052716915 0.9999851967220786 0.3
97.0130726663008 9.015157299403095 1.2188449597720599 1.0873004118747227 0.0739483303924225 0.9972620740969613 0.3
97.0130726663008 9.015157299403095 1.2188449597720599 1.0873004118747227 0.0739483303924225 0.9972620740969613 0.3
97.0130726663008 9.015157299403095 1.2188449597720599 1.0873004118747227 0.0739483303924225 0.9972620740969613 0.3
97.0130726663008 9.015157299403095 1.2188449597720599 1.0873004118747227 0.0739483303924225 0.9972620740969613 0.3
97.0130726663008 9.015157299403095 1.2188449597720599 1.0873004118747227 0.0739483303924225 0.9972620740969613 0.3
97.0130726663008 9.015157299403095 1.2188449597720599 1.0873004118747227 0.0739483303924225 0.9972620740969613 0.3
97.0130726663008 9.015157299403095 1.2188449597720599 1.0873004118747227 0.0739483303924225 0.9972620740969613 0.3
97.0130726663008 9.015157299403095 1.2188449597720599 1.0873004118747227 0.0739483303924225 0.9972620740969613 0.3
97.0130726663008 9.015157299403095 1.2188449597720599 1.0873004118747227 0.0739483303924225 0.9972620740969613 0.3
97.0130726663008 9.015157299403095 1.2188449597720599 1.0873004118747227 0.0739483303924225 0.9972620740969613 0.3
97.0130726663008 9.015157299403095 1.2188449597720599 1.0873004118747227 0.0739483303924225 0.9972620740969613 0.3
97.0130726663008 9.015157299403095 1.2188449597720599 1.0873004118747227 0.0739483303924225 0.9972620740969613 0.3
97.0130726663008 9.015157299403095 1.2188449597720599 1.0873004118747227 0.0739483303924225 0.9972620740969613 0.3
97.0130726663008 9.015157299403095 1.2188449597720599 1.0873004118747227 0.0739483303924225 0.9972620740969613 0.3
97.0130726663008 9.015157299403095 1.2188449597720599 1.0873004118747227 0.0739483303924225 0.9972620740969613 0.3
97.0130726663008 9.015157299403095 1.2188449597720599 1.0873004118747227 0.0739483303924225 0.9972620740969613 0.3
97.0130726663008 9.015157299403095 1.2188449597720599 1.0873004118747227 0.0739483303924225 0.9972620740969613 0.3
97.0130726663008 9.015157299403095 1.2188449597720599 1.0873004118747227 0.0739483303924225 0.9972620740969613 0.3
97.0130726663008 9.015157299403095 1.2188449597720599 1.0873004118747227 0.0739483303924225 0.9972620740969613 0.3
97.0130726663008 9.015157299403095 1.2188449597720599 1.0873004118747227 0.0739483303924225 0.9972620740969613 0.3
97.0130726663008 9.015157299403095 1.2188449597720599 1.0873004118747227 0.0739483303924225 0.9972620740969613 0.3
97.0130726663008 9.015157299403095 1.2188449597720599 1.0873004118747227 0.0739483303924225 0.9972620740969613 0.3
97.0130726663008 9.015157299403095 1.2188449597720599 1.0873004118747227 0.0739483303924225 0.9972620740969613 0.3
97.0130726663008 9.015157299403095 1.2188449597720599 1.0873004118747227 0.0739483303924225 0.9972620740969613 0.3
97.0130726663008 9.015157299403095 1.2188449597720599 1.0873004118747227 0.0739483303924225 0.9972620740969613 0.3
97.0130726663008 9.015157299403095 1.2188449597720599 1.0873004118747227 0.0739483303924225 0.9972620740969613 0.3
97.0130726663008 9.015157299403095 1.2188449597720599 1.0873004118747227 0.0739483303924225 0.9972620740969613 0.3
97.0130726663008 9.015157299403095 1.2188449597720599 1.0873004118747227 0.0739483303924225 0.9972620740969613 0.3
97.0130726663008 9.015157299403095 1.2188449597720599 1.0873004118747227 0.0739483303924225 0.9972620740969613 0.3
97.0130726663008 9.015157299403095 1.2188449597720599 1.0873004118747227 0.0739483303924225 0.9972620740969613 0.3
97.0130726663008 9.015157299403095 1.2188449597720599 1.0873004118747227 0.0739483303924225 0.9972620740969613 0.3
97.0130726663008 9.015157299403095 1.2188449597720599 1.0873004118747227 0.0739483303924225 0.9972620740969613 0.3
97.0130726663008 9.015157299403095 1.2188449597720599 1.0873004118747227 0.0739483303924225 0.9972620740969613 0.3
97.0130726663008 9.015157299403095 1.2188449597720599 1.0873004118747227 0.0739483303924225 0.9972620740969613 0.3
97.0130726663008 9.015157299403095 1.2188449597720599 1.0873004118747227 0.0739483303924225 0.9972620740969613 0.3
