24.16154218365715 59.03846156005782 9.559473930452583 10.650757879274652 0.9329453292283765 0.3600180727004636 5
24.16154218365715 59.03846156005782 9.559473930452583 10.650757879274652 0.9329453292283765 0.3600180727004636 0.3
24.16154218365715 59.03846156005782 9.559473930452583 10.650757879274652 0.9329453292283765 0.3600180727004636 0.3
24.16154218365715 59.03846156005782 9.559473930452583 10.650757879274652 0.9329453292283765 0.3600180727004636 0.3
24.16154218365715 59.03846156005782 9.559473930452583 10.650757879274652 0.9329453292283765 0.3600180727004636 0.3
24.16154218365715 59.03846156005782 9.559473930452583 10.650757879274652 0.9329453292283765 0.3600180727004636 0.3
24.16154218365715 59.03846156005782 9.559473930452583 10.650757879274652 0.9329453292283765 0.3600180727004636 0.3
24.16154218365715 59.03846156005782 9.559473930452583 10.650757879274652 0.9329453292283765 0.3600180727004636 0.3
24.16154218365715 59.03846156005782 9.559473930452583 10.650757879274652 0.9329453292283765 0.3600180727004636 0.3
24.16154218365715 59.03846156005782 9.559473930452583 10.650757879274652 0.9329453292283765 0.3600180727004636 0.3
24.16154218365715 59.03846156005782 9.559473930452583 10.650757879274652 0.9329453292283765 0.3600180727004636 0.3
24.16154218365715 59.03846156005782 9.559473930452583 10.650757879274652 0.9329453292283765 0.3600180727004636 0.3
24.16154218365715 59.03846156005782 9.559473930452583 10.650757879274652 0.9329453292283765 0.3600180727004636 0.3
24.16154218365715 59.03846156005782 9.559473930452583 10.650757879274652 0.9329453292283765 0.3600180727004636 0.3
24.16154218365715 59.03846156005782 9.559473930452583 10.650757879274652 0.9329453292283765 0.3600180727004636 0.3
24.16154218365715 59.03846156005782 9.559473930452583 10.650757879274652 0.9329453292283765 0.3600180727004636 0.3
24.16154218365715 59.03846156005782 9.559473930452583 10.650757879274652 0.9329453292283765 0.3600180727004636 0.3
24.0519430222288 58.92383578700965 10.281640026070711 2.881368823984226 0.06302773039871348 0.9980117760832219 0.3
23.845113065803442 59.015334430452405 9.272332101489567 1.7804539040193286 0.035479570310195295 0.9993704018483857 0.3
24.016410424168836 58.95595264186568 5.954914497851349 1.479955353685037 0.0032669877368647292 0.9999946633813238 0.3
23.966725944545715 59.01257964395765 5.584781427536538 1.3141943403130247 0.0031575641713830235 0.9999950148818261 0.3
23.96967032286289 59.016619425552875 4.515351532975499 1.212218311344593 0.011702852046433428 0.9999315192821853 0.3
23.91827017367725 59.013341577671056 3.5370614642271154 1.1451019443639594 0.0023147538765372275 0.9999973209536569 0.3
23.895595718531933 59.0101625003934 3.55955162105355 1.1037743608588846 0.033126162972168575 0.9994511780606101 0.3
23.96067280918413 59.00685056307747 3.5509748089027524 1.0310971556514739 0.0030697397851155803 0.999995288337726 0.3
23.980016011975795 59.021988146477526 3.3293285285450986 1.0415574653065836 0.028882213094348273 0.999582821864588 0.3
24.005164478302778 58.99974602038322 3.2545358010231897 0.9666909596155566 0.03034354848452352 0.9995395285156897 0.3
24.01087313390194 59.01383916738224 2.8438036742053354 1.0316718712456787 0.05557827193990114 0.9984543333013155 0.3
24.03839593052422 59.00602083388856 3.197040416360875 0.9396084087635495 0.04447744778241525 0.9990103886540733 0.3
24.003047214613634 59.00678148539164 2.7835980871154513 0.9607845713022485 0.06121913566273794 0.9981243496822965 0.3
24.003047214613634 59.00678148539164 2.7835980871154513 0.9607845713022485 0.06121913566273794 0.9981243496822965 0.3
24.003047214613634 59.00678148539164 2.7835980871154513 0.9607845713022485 0.06121913566273794 0.9981243496822965 0.3
24.003047214613634 59.00678148539164 2.7835980871154513 0.9607845713022485 0.06121913566273794 0.9981243496822965 0.3
24.003047214613634 59.00678148539164 2.7835980871154513 0.9607845713022485 0.06121913566273794 0.9981243496822965 0.3
24.003047214613634 59.00678148539164 2.7835980871154513 0.9607845713022485 0.06121913566273794 0.9981243496822965 0.3
24.003047214613634 59.00678148539164 2.7835980871154513 0.9607845713022485 0.06121913566273794 0.9981243496822965 0.3
24.003047214613634 59.00678148539164 2.7835980871154513 0.9607845713022485 0.06121913566273794 0.9981243496822965 0.3
24.003047214613634 59.00678148539164 2.7835980871154513 0.9607845713022485 0.06121913566273794 0.9981243496822965 0.3
24.003047214613634 59.00678148539164 2.7835980871154513 0.9607845713022485 0.06121913566273794 0.9981243496822965 0.3
24.003047214613634 59.00678148539164 2.7835980871154513 0.9607845713022485 0.06121913566273794 0.9981243496822965 0.3
24.003047214613634 59.00678148539164 2.7835980871154513 0.9607845713022485 0.06121913566273794 0.9981243496822965 0.3
24.003047214613634 59.00678148539164 2.7835980871154513 0.9607845713022485 0.06121913566273794 0.9981243496822965 0.3
24.003047214613634 59.00678148539164 2.7835980871154513 0.9607845713022485 0.06121913566273794 0.9981243496822965 0.3
24.003047214613634 59.00678148539164 2.7835980871154513 0.9607845713022485 0.06121913566273794 0.9981243496822965 0.3
24.003047214613634 59.00678148539164 2.7835980871154513 0.9607845713022485 0.06121913566273794 0.9981243496822965 0.3
24.003047214613634 59.00678148539164 2.7835980871154513 0.9607845713022485 0.06121913566273794 0.9981243496822965 0.3
24.003047214613634 59.00678148539164 2.7835980871154513 0.9607845713022485 0.06121913566273794 0.9981243496822965 0.3
24.003047214613634 59.00678148539164 2.7835980871154513 0.9607845713022485 0.06121913566273794 0.9981243496822965 0.3
24.003047214613634 59.00678148539164 2.7835980871154513 0.9607845713022485 0.06121913566273794 0.9981243496822965 0.3
24.003047214613634 59.00678148539164 2.7835980871154513 0.9607845713022485 0.06121913566273794 0.9981243496822965 0.3
24.003047214613634 59.00678148539164 2.7835980871154513 0.9607845713022485 0.06121913566273794 0.9981243496822965 0.3
24.003047214613634 59.00678148539164 2.7835980871154513 0.9607845713022485 0.06121913566273794 0.9981243496822965 0.3
24.003047214613634 59.00678148539164 2.7835980871154513 0.9607845713022485 0.06121913566273794 0.9981243496822965 0.3
24.003047214613634 59.00678148539164 2.7835980871154513 0.9607845713022485 0.06121913566273794 0.9981243496822965 0.3
24.003047214613634 59.00678148539164 2.7835980871154513 0.9607845713022485 0.06121913566273794 0.9981243496822965 0.3
23.979523346550224 58.996207311833395 2.7606475286777123 0.8672802917732582 0.06250865104844645 0.9980444221296483 0.3
23.99616327637931 58.99609909267566 1.7877495765377247 0.21887658976203522 0.17858598115810387 0.9839243097585288 0.3
23.99559727987601 58.99354599169088 1.7198883102569056 0.2303807418911939 0.1802163444639242 0.983626996980085 0.3
24.010574919006796 59.00261003969548 1.6836583872586748 0.2291015360263552 0.1818724081113154 0.983322138044187 0.3
24.00656323483743 58.999077328624026 1.7728627508294692 0.22831796858710546 0.18159175526187377 0.9833740053615978 0.3
24.017808889782142 59.00652288973613 1.6654498360502024 0.24432994101425098 0.18031661376626573 0.9836086207429596 0.3
24.023935076869943 59.009689823512836 1.8167465170693489 0.23141732239434 0.1804134614447791 0.9835908615524613 0.3
23.989386099769014 59.00183186734382 1.6608113081759952 0.2207096870609035 0.18237491600221617 0.9832290628399796 0.3
23.99820696341318 59.00275812517388 1.7513078743883326 0.2141956387737447 0.17890393808663732 0.9838665463044735 0.3
23.997746722513167 59.00587701450511 1.7460950537531335 0.21181701058217917 0.17547382877782086 0.9844840960696379 0.3
23.997746722513167 59.00587701450511 1.7460950537531335 0.21181701058217917 0.17547382877782086 0.9844840960696379 0.3
23.997746722513167 59.00587701450511 1.7460950537531335 0.21181701058217917 0.17547382877782086 0.9844840960696379 0.3
23.997746722513167 59.00587701450511 1.7460950537531335 0.21181701058217917 0.17547382877782086 0.9844840960696379 0.3
23.997746722513167 59.00587701450511 1.7460950537531335 0.21181701058217917 0.17547382877782086 0.9844840960696379 0.3
23.997746722513167 59.00587701450511 1.7460950537531335 0.21181701058217917 0.17547382877782086 0.9844840960696379 0.3
23.997746722513167 59.00587701450511 1.7460950537531335 0.21181701058217917 0.17547382877782086 0.9844840960696379 0.3
23.997746722513167 59.00587701450511 1.7460950537531335 0.21181701058217917 0.17547382877782086 0.9844840960696379 0.3
23.997746722513167 59.00587701450511 1.7460950537531335 0.21181701058217917 0.17547382877782086 0.9844840960696379 0.3
23.997746722513167 59.00587701450511 1.7460950537531335 0.21181701058217917 0.17547382877782086 0.9844840960696379 0.3
23.997746722513167 59.00587701450511 1.7460950537531335 0.21181701058217917 0.17547382877782086 0.9844840960696379 0.3
23.997746722513167 59.00587701450511 1.7460950537531335 0.21181701058217917 0.17547382877782086 0.9844840960696379 0.3
23.997746722513167 59.00587701450511 1.7460950537531335 0.21181701058217917 0.17547382877782086 0.9844840960696379 0.3
23.997746722513167 59.00587701450511 1.7460950537531335 0.21181701058217917 0.17547382877782086 0.9844840960696379 0.3
23.997746722513167 59.00587701450511 1.7460950537531335 0.21181701058217917 0.17547382877782086 0.9844840960696379 0.3
23.997746722513167 59.00587701450511 1.7460950537531335 0.21181701058217917 0.17547382877782086 0.9844840960696379 0.3
23.997746722513167 59.00587701450511 1.7460950537531335 0.21181701058217917 0.17547382877782086 0.9844840960696379 0.3
23.997746722513167 59.00587701450511 1.7460950537531335 0.21181701058217917 0.17547382877782086 0.9844840960696379 0.3
23.997746722513167 59.00587701450511 1.7460950537531335 0.21181701058217917 0.17547382877782086 0.9844840960696379 0.3
23.997746722513167 59.00587701450511 1.7460950537531335 0.21181701058217917 0.17547382877782086 0.9844840960696379 0.3
23.997746722513167 59.00587701450511 1.7460950537531335 0.21181701058217917 0.17547382877782086 0.9844840960696379 0.3
23.997746722513167 59.00587701450511 1.7460950537531335 0.21181701058217917 0.17547382877782086 0.9844840960696379 0.3
23.997746722513167 59.00587701450511 1.7460950537531335 0.21181701058217917 0.17547382877782086 0.9844840960696379 0.3
23.997746722513167 59.00587701450511 1.7460950537531335 0.21181701058217917 0.17547382877782086 0.9844840960696379 0.3
23.997746722513167 59.00587701450511 1.7460950537531335 0.21181701058217917 0.17547382877782086 0.9844840960696379 0.3
23.997746722513167 59.00587701450511 1.7460950537531335 0.21181701058217917 0.17547382877782086 0.9844840960696379 0.3
23.997746722513167 59.00587701450511 1.7460950537531335 0.21181701058217917 0.17547382877782086 0.9844840960696379 0.3
23.997746722513167 59.00587701450511 1.7460950537531335 0.21181701058217917 0.17547382877782086 0.9844840960696379 0.3
23.997746722513167 59.00587701450511 1.7460950537531335 0.21181701058217917 0.17547382877782086 0.9844840960696379 0.3
23.997746722513167 59.00587701450511 1.7460950537531335 0.21181701058217917 0.17547382877782086 0.9844840960696379 0.3
23.997746722513167 59.00587701450511 1.7460950537531335 0.21181701058217917 0.17547382877782086 0.9844840960696379 0.3
23.997746722513167 59.00587701450511 1.7460950537531335 0.21181701058217917 0.17547382877782086 0.9844840960696379 0.3
23.997746722513167 59.00587701450511 1.7460950537531335 0.21181701058217917 0.17547382877782086 0.9844840960696379 0.3
23.997746722513167 59.00587701450511 1.7460950537531335 0.21181701058217917 0.17547382877782086 0.9844840960696379 0.3
23.997746722513167 59.00587701450511 1.7460950537531335 0.21181701058217917 0.17547382877782086 0.9844840960696379 0.3
23.997746722513167 59.00587701450511 1.7460950537531335 0.21181701058217917 0.17547382877782086 0.9844840960696379 0.3
23.997746722513167 59.00587701450511 1.7460950537531335 0.21181701058217917 0.17547382877782086 0.9844840960696379 0.3
23.997746722513167 59.00587701450511 1.7460950537531335 0.21181701058217917 0.17547382877782086 0.9844840960696379 0.3
23.997746722513167 59.00587701450511 1.7460950537531335 0.21181701058217917 0.17547382877782086 0.9844840960696379 0.3
23.997746722513167 59.00587701450511 1.7460950537531335 0.21181701058217917 0.17547382877782086 0.9844840960696379 0.3
23.997746722513167 59.00587701450511 1.7460950537531335 0.21181701058217917 0.17547382877782086 0.9844840960696379 0.3
23.997746722513167 59.00587701450511 1.7460950537531335 0.21181701058217917 0.17547382877782086 0.9844840960696379 0.3
23.997746722513167 59.00587701450511 1.7460950537531335 0.21181701058217917 0.17547382877782086 0.9844840960696379 0.3
23.997746722513167 59.00587701450511 1.7460950537531335 0.21181701058217917 0.17547382877782086 0.9844840960696379 0.3
23.997746722513167 59.00587701450511 1.7460950537531335 0.21181701058217917 0.17547382877782086 0.9844840960696379 0.3
23.997746722513167 59.00587701450511 1.7460950537531335 0.21181701058217917 0.17547382877782086 0.9844840960696379 0.3
23.997746722513167 59.00587701450511 1.7460950537531335 0.21181701058217917 0.17547382877782086 0.9844840960696379 0.3
23.997746722513167 59.00587701450511 1.7460950537531335 0.21181701058217917 0.17547382877782086 0.9844840960696379 0.3
23.997746722513167 59.00587701450511 1.7460950537531335 0.21181701058217917 0.17547382877782086 0.9844840960696379 0.3
23.997746722513167 59.00587701450511 1.7460950537531335 0.21181701058217917 0.17547382877782086 0.9844840960696379 0.3
23.997746722513167 59.00587701450511 1.7460950537531335 0.21181701058217917 0.17547382877782086 0.9844840960696379 0.3
23.997746722513167 59.00587701450511 1.7460950537531335 0.21181701058217917 0.17547382877782086 0.9844840960696379 0.3
23.997746722513167 59.00587701450511 1.7460950537531335 0.21181701058217917 0.17547382877782086 0.9844840960696379 0.3
23.997746722513167 59.00587701450511 1.7460950537531335 0.21181701058217917 0.17547382877782086 0.9844840960696379 0.3
23.997746722513167 59.00587701450511 1.7460950537531335 0.21181701058217917 0.17547382877782086 0.9844840960696379 0.3
23.997746722513167 59.00587701450511 1.7460950537531335 0.21181701058217917 0.17547382877782086 0.9844840960696379 0.3
23.997746722513167 59.00587701450511 1.7460950537531335 0.21181701058217917 0.17547382877782086 0.9844840960696379 0.3
23.997746722513167 59.00587701450511 1.7460950537531335 0.21181701058217917 0.17547382877782086 0.9844840960696379 0.3
23.997746722513167 59.00587701450511 1.7460950537531335 0.21181701058217917 0.17547382877782086 0.9844840960696379 0.3
23.997746722513167 59.00587701450511 1.7460950537531335 0.21181701058217917 0.17547382877782086 0.9844840960696379 0.3
23.997746722513167 59.00587701450511 1.7460950537531335 0.21181701058217917 0.17547382877782086 0.9844840960696379 0.3
23.997746722513167 59.00587701450511 1.7460950537531335 0.21181701058217917 0.17547382877782086 0.9844840960696379 0.3
23.997746722513167 59.00587701450511 1.7460950537531335 0.21181701058217917 0.17547382877782086 0.9844840960696379 0.3
23.997746722513167 59.00587701450511 1.7460950537531335 0.21181701058217917 0.17547382877782086 0.9844840960696379 0.3
23.997746722513167 59.00587701450511 1.7460950537531335 0.21181701058217917 0.17547382877782086 0.9844840960696379 0.3
23.997746722513167 59.00587701450511 1.7460950537531335 0.21181701058217917 0.17547382877782086 0.9844840960696379 0.3
23.997746722513167 59.00587701450511 1.7460950537531335 0.21181701058217917 0.17547382877782086 0.9844840960696379 0.3
23.997746722513167 59.00587701450511 1.7460950537531335 0.21181701058217917 0.17547382877782086 0.9844840960696379 0.3
23.997746722513167 59.00587701450511 1.7460950537531335 0.21181701058217917 0.17547382877782086 0.9844840960696379 0.3
23.997746722513167 59.00587701450511 1.7460950537531335 0.21181701058217917 0.17547382877782086 0.9844840960696379 0.3
23.997746722513167 59.00587701450511 1.7460950537531335 0.21181701058217917 0.17547382877782086 0.9844840960696379 0.3
23.997746722513167 59.00587701450511 1.7460950537531335 0.21181701058217917 0.17547382877782086 0.9844840960696379 0.3
23.997746722513167 59.00587701450511 1.7460950537531335 0.21181701058217917 0.17547382877782086 0.9844840960696379 0.3
23.997746722513167 59.00587701450511 1.7460950537531335 0.21181701058217917 0.17547382877782086 0.9844840960696379 0.3
23.997746722513167 59.00587701450511 1.7460950537531335 0.21181701058217917 0.17547382877782086 0.9844840960696379 0.3
23.997746722513167 59.00587701450511 1.7460950537531335 0.21181701058217917 0.17547382877782086 0.9844840960696379 0.3
23.997746722513167 59.00587701450511 1.7460950537531335 0.21181701058217917 0.17547382877782086 0.9844840960696379 0.3
23.997746722513167 59.00587701450511 1.7460950537531335 0.21181701058217917 0.17547382877782086 0.9844840960696379 0.3
23.997746722513167 59.00587701450511 1.7460950537531335 0.21181701058217917 0.17547382877782086 0.9844840960696379 0.3
23.997746722513167 59.00587701450511 1.7460950537531335 0.21181701058217917 0.17547382877782086 0.9844840960696379 0.3
23.997746722513167 59.00587701450511 1.7460950537531335 0.21181701058217917 0.17547382877782086 0.9844840960696379 0.3
23.997746722513167 59.00587701450511 1.7460950537531335 0.21181701058217917 0.17547382877782086 0.9844840960696379 0.3
23.997746722513167 59.00587701450511 1.7460950537531335 0.21181701058217917 0.17547382877782086 0.9844840960696379 0.3
23.997746722513167 59.00587701450511 1.7460950537531335 0.21181701058217917 0.17547382877782086 0.9844840960696379 0.3
23.997746722513167 59.00587701450511 1.7460950537531335 0.21181701058217917 0.17547382877782086 0.9844840960696379 0.3
23.997746722513167 59.00587701450511 1.7460950537531335 0.21181701058217917 0.17547382877782086 0.9844840960696379 0.3
23.997746722513167 59.00587701450511 1.7460950537531335 0.21181701058217917 0.17547382877782086 0.9844840960696379 0.3
23.997746722513167 59.00587701450511 1.7460950537531335 0.21181701058217917 0.17547382877782086 0.9844840960696379 0.3
23.997746722513167 59.00587701450511 1.7460950537531335 0.21181701058217917 0.17547382877782086 0.9844840960696379 0.3
23.997746722513167 59.00587701450511 1.7460950537531335 0.21181701058217917 0.17547382877782086 0.9844840960696379 0.3
23.997746722513167 59.00587701450511 1.7460950537531335 0.21181701058217917 0.17547382877782086 0.9844840960696379 0.3
23.997746722513167 59.00587701450511 1.7460950537531335 0.21181701058217917 0.17547382877782086 0.9844840960696379 0.3
23.997746722513167 59.00587701450511 1.7460950537531335 0.21181701058217917 0.17547382877782086 0.9844840960696379 0.3
23.997746722513167 59.00587701450511 1.7460950537531335 0.21181701058217917 0.17547382877782086 0.9844840960696379 0.3
23.997746722513167 59.00587701450511 1.7460950537531335 0.21181701058217917 0.17547382877782086 0.9844840960696379 0.3
23.997746722513167 59.00587701450511 1.7460950537531335 0.21181701058217917 0.17547382877782086 0.9844840960696379 0.3
23.997746722513167 59.00587701450511 1.7460950537531335 0.21181701058217917 0.17547382877782086 0.9844840960696379 0.3
23.997746722513167 59.00587701450511 1.7460950537531335 0.21181701058217917 0.17547382877782086 0.9844840960696379 0.3
23.997746722513167 59.00587701450511 1.7460950537531335 0.21181701058217917 0.17547382877782086 0.9844840960696379 0.3
23.997746722513167 59.00587701450511 1.7460950537531335 0.21181701058217917 0.17547382877782086 0.9844840960696379 0.3
23.997746722513167 59.00587701450511 1.7460950537531335 0.21181701058217917 0.17547382877782086 0.9844840960696379 0.3
23.997746722513167 59.00587701450511 1.7460950537531335 0.21181701058217917 0.17547382877782086 0.9844840960696379 0.3
23.997746722513167 59.00587701450511 1.7460950537531335 0.21181701058217917 0.17547382877782086 0.9844840960696379 0.3
23.997746722513167 59.00587701450511 1.7460950537531335 0.21181701058217917 0.17547382877782086 0.9844840960696379 0.3
23.997746722513167 59.00587701450511 1.7460950537531335 0.21181701058217917 0.17547382877782086 0.9844840960696379 0.3
23.997746722513167 59.00587701450511 1.7460950537531335 0.21181701058217917 0.17547382877782086 0.9844840960696379 0.3
23.997746722513167 59.00587701450511 1.7460950537531335 0.21181701058217917 0.17547382877782086 0.9844840960696379 0.3
23.997746722513167 59.00587701450511 1.7460950537531335 0.21181701058217917 0.17547382877782086 0.9844840960696379 0.3
23.997746722513167 59.00587701450511 1.7460950537531335 0.21181701058217917 0.17547382877782086 0.9844840960696379 0.3
23.997746722513167 59.00587701450511 1.7460950537531335 0.21181701058217917 0.17547382877782086 0.9844840960696379 0.3
23.997746722513167 59.00587701450511 1.7460950537531335 0.21181701058217917 0.17547382877782086 0.9844840960696379 0.3
23.997746722513167 59.00587701450511 1.7460950537531335 0.21181701058217917 0.17547382877782086 0.9844840960696379 0.3
23.997746722513167 59.00587701450511 1.7460950537531335 0.21181701058217917 0.17547382877782086 0.9844840960696379 0.3
23.997746722513167 59.00587701450511 1.7460950537531335 0.21181701058217917 0.17547382877782086 0.9844840960696379 0.3
23.997746722513167 59.00587701450511 1.7460950537531335 0.21181701058217917 0.17547382877782086 0.9844840960696379 0.3
23.997746722513167 59.00587701450511 1.7460950537531335 0.21181701058217917 0.17547382877782086 0.9844840960696379 0.3
23.997746722513167 59.00587701450511 1.7460950537531335 0.21181701058217917 0.17547382877782086 0.9844840960696379 0.3
23.997746722513167 59.00587701450511 1.7460950537531335 0.21181701058217917 0.17547382877782086 0.9844840960696379 0.3
23.997746722513167 59.00587701450511 1.7460950537531335 0.21181701058217917 0.17547382877782086 0.9844840960696379 0.3
23.997746722513167 59.00587701450511 1.7460950537531335 0.21181701058217917 0.17547382877782086 0.9844840960696379 0.3
23.997746722513167 59.00587701450511 1.7460950537531335 0.21181701058217917 0.17547382877782086 0.9844840960696379 0.3
23.997746722513167 59.00587701450511 1.7460950537531335 0.21181701058217917 0.17547382877782086 0.9844840960696379 0.3
23.997746722513167 59.00587701450511 1.7460950537531335 0.21181701058217917 0.17547382877782086 0.9844840960696379 0.3
