135.12647255071568 95.06159252548318 8.900109676639044 7.747941428673535 0.2762399304476056 0.961088706013291 5
135.12647255071568 95.06159252548318 8.900109676639044 7.747941428673535 0.2762399304476056 0.961088706013291 0.3
135.12647255071568 95.06159252548318 8.900109676639044 7.747941428673535 0.2762399304476056 0.961088706013291 0.3
135.12647255071568 95.06159252548318 8.900109676639044 7.747941428673535 0.2762399304476056 0.961088706013291 0.3
135.12647255071568 95.06159252548318 8.900109676639044 7.747941428673535 0.2762399304476056 0.961088706013291 0.3
135.12647255071568 95.06159252548318 8.900109676639044 7.747941428673535 0.2762399304476056 0.961088706013291 0.3
135.12647255071568 95.06159252548318 8.900109676639044 7.747941428673535 0.2762399304476056 0.961088706013291 0.3
135.12647255071568 95.06159252548318 8.900109676639044 7.747941428673535 0.2762399304476056 0.961088706013291 0.3
135.12647255071568 95.06159252548318 8.900109676639044 7.747941428673535 0.2762399304476056 0.961088706013291 0.3
135.12647255071568 95.06159252548318 8.900109676639044 7.747941428673535 0.2762399304476056 0.961088706013291 0.3
135.12647255071568 95.06159252548318 8.900109676639044 7.747941428673535 0.2762399304476056 0.961088706013291 0.3
135.12647255071568 95.06159252548318 8.900109676639044 7.747941428673535 0.2762399304476056 0.961088706013291 0.3
135.12647255071568 95.06159252548318 8.900109676639044 7.747941428673535 0.2762399304476056 0.961088706013291 0.3
135.12647255071568 95.06159252548318 8.900109676639044 7.747941428673535 0.2762399304476056 0.961088706013291 0.3
135.12647255071568 95.06159252548318 8.900109676639044 7.747941428673535 0.2762399304476056 0.961088706013291 0.3
135.12647255071568 95.06159252548318 8.900109676639044 7.747941428673535 0.2762399304476056 0.961088706013291 0.3
135.12647255071568 95.06159252548318 8.900109676639044 7.747941428673535 0.2762399304476056 0.961088706013291 0.3
135.12647255071568 95.06159252548318 8.900109676639044 7.747941428673535 0.2762399304476056 0.961088706013291 0.3
135.12647255071568 95.06159252548318 8.900109676639044 7.747941428673535 0.2762399304476056 0.961088706013291 0.3
135.12647255071568 95.06159252548318 8.900109676639044 7.747941428673535 0.2762399304476056 0.961088706013291 0.3
135.12647255071568 95.06159252548318 8.900109676639044 7.747941428673535 0.2762399304476056 0.961088706013291 0.3
135.12647255071568 95.06159252548318 8.900109676639044 7.747941428673535 0.2762399304476056 0.961088706013291 0.3
135.12647255071568 95.06159252548318 8.900109676639044 7.747941428673535 0.2762399304476056 0.961088706013291 0.3
135.12647255071568 95.06159252548318 8.900109676639044 7.747941428673535 0.2762399304476056 0.961088706013291 0.3
135.12647255071568 95.06159252548318 8.900109676639044 7.747941428673535 0.2762399304476056 0.961088706013291 0.3
135.12647255071568 95.06159252548318 8.900109676639044 7.747941428673535 0.2762399304476056 0.961088706013291 0.3
135.12647255071568 95.06159252548318 8.900109676639044 7.747941428673535 0.2762399304476056 0.961088706013291 0.3
135.12647255071568 95.06159252548318 8.900109676639044 7.747941428673535 0.2762399304476056 0.961088706013291 0.3
135.12647255071568 95.06159252548318 8.900109676639044 7.747941428673535 0.2762399304476056 0.961088706013291 0.3
135.12647255071568 95.06159252548318 8.900109676639044 7.747941428673535 0.2762399304476056 0.961088706013291 0.3
135.12647255071568 95.06159252548318 8.900109676639044 7.747941428673535 0.2762399304476056 0.961088706013291 0.3
135.12647255071568 95.06159252548318 8.900109676639044 7.747941428673535 0.2762399304476056 0.961088706013291 0.3
135.12647255071568 95.06159252548318 8.900109676639044 7.747941428673535 0.2762399304476056 0.961088706013291 0.3
135.12647255071568 95.06159252548318 8.900109676639044 7.747941428673535 0.2762399304476056 0.961088706013291 0.3
135.12647255071568 95.06159252548318 8.900109676639044 7.747941428673535 0.2762399304476056 0.961088706013291 0.3
135.12647255071568 95.06159252548318 8.900109676639044 7.747941428673535 0.2762399304476056 0.961088706013291 0.3
135.12647255071568 95.06159252548318 8.900109676639044 7.747941428673535 0.2762399304476056 0.961088706013291 0.3
135.12647255071568 95.06159252548318 8.900109676639044 7.747941428673535 0.2762399304476056 0.961088706013291 0.3
135.12647255071568 95.06159252548318 8.900109676639044 7.747941428673535 0.2762399304476056 0.961088706013291 0.3
135.12647255071568 95.06159252548318 8.900109676639044 7.747941428673535 0.2762399304476056 0.961088706013291 0.3
135.12647255071568 95.06159252548318 8.900109676639044 7.747941428673535 0.2762399304476056 0.961088706013291 0.3
135.12647255071568 95.06159252548318 8.900109676639044 7.747941428673535 0.2762399304476056 0.961088706013291 0.3
135.12647255071568 95.06159252548318 8.900109676639044 7.747941428673535 0.2762399304476056 0.961088706013291 0.3
135.12647255071568 95.06159252548318 8.900109676639044 7.747941428673535 0.2762399304476056 0.961088706013291 0.3
135.12647255071568 95.06159252548318 8.900109676639044 7.747941428673535 0.2762399304476056 0.961088706013291 0.3
135.12647255071568 95.06159252548318 8.900109676639044 7.747941428673535 0.2762399304476056 0.961088706013291 0.3
135.12647255071568 95.06159252548318 8.900109676639044 7.747941428673535 0.2762399304476056 0.961088706013291 0.3
135.12647255071568 95.06159252548318 8.900109676639044 7.747941428673535 0.2762399304476056 0.961088706013291 0.3
135.12647255071568 95.06159252548318 8.900109676639044 7.747941428673535 0.2762399304476056 0.961088706013291 0.3
135.12647255071568 95.06159252548318 8.900109676639044 7.747941428673535 0.2762399304476056 0.961088706013291 0.3
135.12647255071568 95.06159252548318 8.900109676639044 7.747941428673535 0.2762399304476056 0.961088706013291 0.3
135.12647255071568 95.06159252548318 8.900109676639044 7.747941428673535 0.2762399304476056 0.961088706013291 0.3
135.12647255071568 95.06159252548318 8.900109676639044 7.747941428673535 0.2762399304476056 0.961088706013291 0.3
135.12647255071568 95.06159252548318 8.900109676639044 7.747941428673535 0.2762399304476056 0.961088706013291 0.3
135.12647255071568 95.06159252548318 8.900109676639044 7.747941428673535 0.2762399304476056 0.961088706013291 0.3
135.12647255071568 95.06159252548318 8.900109676639044 7.747941428673535 0.2762399304476056 0.961088706013291 0.3
135.12647255071568 95.06159252548318 8.900109676639044 7.747941428673535 0.2762399304476056 0.961088706013291 0.3
135.12647255071568 95.06159252548318 8.900109676639044 7.747941428673535 0.2762399304476056 0.961088706013291 0.3
135.12647255071568 95.06159252548318 8.900109676639044 7.747941428673535 0.2762399304476056 0.961088706013291 0.3
135.12647255071568 95.06159252548318 8.900109676639044 7.747941428673535 0.2762399304476056 0.961088706013291 0.3
135.12647255071568 95.06159252548318 8.900109676639044 7.747941428673535 0.2762399304476056 0.961088706013291 0.3
135.12647255071568 95.06159252548318 8.900109676639044 7.747941428673535 0.2762399304476056 0.961088706013291 0.3
135.12647255071568 95.06159252548318 8.900109676639044 7.747941428673535 0.2762399304476056 0.961088706013291 0.3
135.12647255071568 95.06159252548318 8.900109676639044 7.747941428673535 0.2762399304476056 0.961088706013291 0.3
135.12647255071568 95.06159252548318 8.900109676639044 7.747941428673535 0.2762399304476056 0.961088706013291 0.3
135.12647255071568 95.06159252548318 8.900109676639044 7.747941428673535 0.2762399304476056 0.961088706013291 0.3
135.12647255071568 95.06159252548318 8.900109676639044 7.747941428673535 0.2762399304476056 0.961088706013291 0.3
135.12647255071568 95.06159252548318 8.900109676639044 7.747941428673535 0.2762399304476056 0.961088706013291 0.3
135.12647255071568 95.06159252548318 8.900109676639044 7.747941428673535 0.2762399304476056 0.961088706013291 0.3
135.12647255071568 95.06159252548318 8.900109676639044 7.747941428673535 0.2762399304476056 0.961088706013291 0.3
135.12647255071568 95.06159252548318 8.900109676639044 7.747941428673535 0.2762399304476056 0.961088706013291 0.3
135.12647255071568 95.06159252548318 8.900109676639044 7.747941428673535 0.2762399304476056 0.961088706013291 0.3
135.12647255071568 95.06159252548318 8.900109676639044 7.747941428673535 0.2762399304476056 0.961088706013291 0.3
135.12647255071568 95.06159252548318 8.900109676639044 7.747941428673535 0.2762399304476056 0.961088706013291 0.3
135.12647255071568 95.06159252548318 8.900109676639044 7.747941428673535 0.2762399304476056 0.961088706013291 0.3
135.12647255071568 95.06159252548318 8.900109676639044 7.747941428673535 0.2762399304476056 0.961088706013291 0.3
135.12647255071568 95.06159252548318 8.900109676639044 7.747941428673535 0.2762399304476056 0.961088706013291 0.3
135.12647255071568 95.06159252548318 8.900109676639044 7.747941428673535 0.2762399304476056 0.961088706013291 0.3
135.12647255071568 95.06159252548318 8.900109676639044 7.747941428673535 0.2762399304476056 0.961088706013291 0.3
135.12647255071568 95.06159252548318 8.900109676639044 7.747941428673535 0.2762399304476056 0.961088706013291 0.3
135.12647255071568 95.06159252548318 8.900109676639044 7.747941428673535 0.2762399304476056 0.961088706013291 0.3
135.12647255071568 95.06159252548318 8.900109676639044 7.747941428673535 0.2762399304476056 0.961088706013291 0.3
135.12647255071568 95.06159252548318 8.900109676639044 7.747941428673535 0.2762399304476056 0.961088706013291 0.3
135.12647255071568 95.06159252548318 8.900109676639044 7.747941428673535 0.2762399304476056 0.961088706013291 0.3
135.12647255071568 95.06159252548318 8.900109676639044 7.747941428673535 0.2762399304476056 0.961088706013291 0.3
135.12647255071568 95.06159252548318 8.900109676639044 7.747941428673535 0.2762399304476056 0.961088706013291 0.3
135.12647255071568 95.06159252548318 8.900109676639044 7.747941428673535 0.2762399304476056 0.961088706013291 0.3
135.12647255071568 95.06159252548318 8.900109676639044 7.747941428673535 0.2762399304476056 0.961088706013291 0.3
135.12647255071568 95.06159252548318 8.900109676639044 7.747941428673535 0.2762399304476056 0.961088706013291 0.3
135.12647255071568 95.06159252548318 8.900109676639044 7.747941428673535 0.2762399304476056 0.961088706013291 0.3
135.12647255071568 95.06159252548318 8.900109676639044 7.747941428673535 0.2762399304476056 0.961088706013291 0.3
135.12647255071568 95.06159252548318 8.900109676639044 7.747941428673535 0.2762399304476056 0.961088706013291 0.3
135.12647255071568 95.06159252548318 8.900109676639044 7.747941428673535 0.2762399304476056 0.961088706013291 0.3
135.12647255071568 95.06159252548318 8.900109676639044 7.747941428673535 0.2762399304476056 0.961088706013291 0.3
135.12647255071568 95.06159252548318 8.900109676639044 7.747941428673535 0.2762399304476056 0.961088706013291 0.3
135.12647255071568 95.06159252548318 8.900109676639044 7.747941428673535 0.2762399304476056 0.961088706013291 0.3
135.12647255071568 95.06159252548318 8.900109676639044 7.747941428673535 0.2762399304476056 0.961088706013291 0.3
135.12647255071568 95.06159252548318 8.900109676639044 7.747941428673535 0.2762399304476056 0.961088706013291 0.3
135.12647255071568 95.06159252548318 8.900109676639044 7.747941428673535 0.2762399304476056 0.961088706013291 0.3
135.12647255071568 95.06159252548318 8.900109676639044 7.747941428673535 0.2762399304476056 0.961088706013291 0.3
135.12647255071568 95.06159252548318 8.900109676639044 7.747941428673535 0.2762399304476056 0.961088706013291 0.3
135.12647255071568 95.06159252548318 8.900109676639044 7.747941428673535 0.2762399304476056 0.961088706013291 0.3
135.12647255071568 95.06159252548318 8.900109676639044 7.747941428673535 0.2762399304476056 0.961088706013291 0.3
135.12647255071568 95.06159252548318 8.900109676639044 7.747941428673535 0.2762399304476056 0.961088706013291 0.3
135.12647255071568 95.06159252548318 8.900109676639044 7.747941428673535 0.2762399304476056 0.961088706013291 0.3
135.12647255071568 95.06159252548318 8.900109676639044 7.747941428673535 0.2762399304476056 0.961088706013291 0.3
135.12647255071568 95.06159252548318 8.900109676639044 7.747941428673535 0.2762399304476056 0.961088706013291 0.3
135.12647255071568 95.06159252548318 8.900109676639044 7.747941428673535 0.2762399304476056 0.961088706013291 0.3
135.12647255071568 95.06159252548318 8.900109676639044 7.747941428673535 0.2762399304476056 0.961088706013291 0.3
135.12647255071568 95.06159252548318 8.900109676639044 7.747941428673535 0.2762399304476056 0.961088706013291 0.3
135.12647255071568 95.06159252548318 8.900109676639044 7.747941428673535 0.2762399304476056 0.961088706013291 0.3
135.12647255071568 95.06159252548318 8.900109676639044 7.747941428673535 0.2762399304476056 0.961088706013291 0.3
135.12647255071568 95.06159252548318 8.900109676639044 7.747941428673535 0.2762399304476056 0.961088706013291 0.3
135.12647255071568 95.06159252548318 8.900109676639044 7.747941428673535 0.2762399304476056 0.961088706013291 0.3
135.12647255071568 95.06159252548318 8.900109676639044 7.747941428673535 0.2762399304476056 0.961088706013291 0.3
135.12647255071568 95.06159252548318 8.900109676639044 7.747941428673535 0.2762399304476056 0.961088706013291 0.3
135.12647255071568 95.06159252548318 8.900109676639044 7.747941428673535 0.2762399304476056 0.961088706013291 0.3
135.12647255071568 95.06159252548318 8.900109676639044 7.747941428673535 0.2762399304476056 0.961088706013291 0.3
135.12647255071568 95.06159252548318 8.900109676639044 7.747941428673535 0.2762399304476056 0.961088706013291 0.3
135.12647255071568 95.06159252548318 8.900109676639044 7.747941428673535 0.2762399304476056 0.961088706013291 0.3
135.12647255071568 95.06159252548318 8.900109676639044 7.747941428673535 0.2762399304476056 0.961088706013291 0.3
135.12647255071568 95.06159252548318 8.900109676639044 7.747941428673535 0.2762399304476056 0.961088706013291 0.3
135.12647255071568 95.06159252548318 8.900109676639044 7.747941428673535 0.2762399304476056 0.961088706013291 0.3
135.12647255071568 95.06159252548318 8.900109676639044 7.747941428673535 0.2762399304476056 0.961088706013291 0.3
135.12647255071568 95.06159252548318 8.900109676639044 7.747941428673535 0.2762399304476056 0.961088706013291 0.3
135.12647255071568 95.06159252548318 8.900109676639044 7.747941428673535 0.2762399304476056 0.961088706013291 0.3
135.12647255071568 95.06159252548318 8.900109676639044 7.747941428673535 0.2762399304476056 0.961088706013291 0.3
135.12647255071568 95.06159252548318 8.900109676639044 7.747941428673535 0.2762399304476056 0.961088706013291 0.3
135.12647255071568 95.06159252548318 8.900109676639044 7.747941428673535 0.2762399304476056 0.961088706013291 0.3
135.12647255071568 95.06159252548318 8.900109676639044 7.747941428673535 0.2762399304476056 0.961088706013291 0.3
135.12647255071568 95.06159252548318 8.900109676639044 7.747941428673535 0.2762399304476056 0.961088706013291 0.3
135.12647255071568 95.06159252548318 8.900109676639044 7.747941428673535 0.2762399304476056 0.961088706013291 0.3
135.12647255071568 95.06159252548318 8.900109676639044 7.747941428673535 0.2762399304476056 0.961088706013291 0.3
135.12647255071568 95.06159252548318 8.900109676639044 7.747941428673535 0.2762399304476056 0.961088706013291 0.3
135.12647255071568 95.06159252548318 8.900109676639044 7.747941428673535 0.2762399304476056 0.961088706013291 0.3
135.12647255071568 95.06159252548318 8.900109676639044 7.747941428673535 0.2762399304476056 0.961088706013291 0.3
135.12647255071568 95.06159252548318 8.900109676639044 7.747941428673535 0.2762399304476056 0.961088706013291 0.3
135.12647255071568 95.06159252548318 8.900109676639044 7.747941428673535 0.2762399304476056 0.961088706013291 0.3
135.12647255071568 95.06159252548318 8.900109676639044 7.747941428673535 0.2762399304476056 0.961088706013291 0.3
135.12647255071568 95.06159252548318 8.900109676639044 7.747941428673535 0.2762399304476056 0.961088706013291 0.3
135.12647255071568 95.06159252548318 8.900109676639044 7.747941428673535 0.2762399304476056 0.961088706013291 0.3
135.12647255071568 95.06159252548318 8.900109676639044 7.747941428673535 0.2762399304476056 0.961088706013291 0.3
135.12647255071568 95.06159252548318 8.900109676639044 7.747941428673535 0.2762399304476056 0.961088706013291 0.3
135.12647255071568 95.06159252548318 8.900109676639044 7.747941428673535 0.2762399304476056 0.961088706013291 0.3
135.12647255071568 95.06159252548318 8.900109676639044 7.747941428673535 0.2762399304476056 0.961088706013291 0.3
135.12647255071568 95.06159252548318 8.900109676639044 7.747941428673535 0.2762399304476056 0.961088706013291 0.3
135.12647255071568 95.06159252548318 8.900109676639044 7.747941428673535 0.2762399304476056 0.961088706013291 0.3
135.12647255071568 95.06159252548318 8.900109676639044 7.747941428673535 0.2762399304476056 0.961088706013291 0.3
135.12647255071568 95.06159252548318 8.900109676639044 7.747941428673535 0.2762399304476056 0.961088706013291 0.3
135.12647255071568 95.06159252548318 8.900109676639044 7.747941428673535 0.2762399304476056 0.961088706013291 0.3
135.12647255071568 95.06159252548318 8.900109676639044 7.747941428673535 0.2762399304476056 0.961088706013291 0.3
135.12647255071568 95.06159252548318 8.900109676639044 7.747941428673535 0.2762399304476056 0.961088706013291 0.3
135.12647255071568 95.06159252548318 8.900109676639044 7.747941428673535 0.2762399304476056 0.961088706013291 0.3
135.12647255071568 95.06159252548318 8.900109676639044 7.747941428673535 0.2762399304476056 0.961088706013291 0.3
135.12647255071568 95.06159252548318 8.900109676639044 7.747941428673535 0.2762399304476056 0.961088706013291 0.3
135.12647255071568 95.06159252548318 8.900109676639044 7.747941428673535 0.2762399304476056 0.961088706013291 0.3
135.12647255071568 95.06159252548318 8.900109676639044 7.747941428673535 0.2762399304476056 0.961088706013291 0.3
135.12647255071568 95.06159252548318 8.900109676639044 7.747941428673535 0.2762399304476056 0.961088706013291 0.3
135.12647255071568 95.06159252548318 8.900109676639044 7.747941428673535 0.2762399304476056 0.961088706013291 0.3
135.12647255071568 95.06159252548318 8.900109676639044 7.747941428673535 0.2762399304476056 0.961088706013291 0.3
135.12647255071568 95.06159252548318 8.900109676639044 7.747941428673535 0.2762399304476056 0.961088706013291 0.3
135.05671287386352 94.96305489547642 3.983418189358743 8.350980454117664 0.9962319670149261 0.08672870284727656 0.3
134.98022587469077 95.03812082253627 2.768155930684329 8.12826586897269 0.9981857962288376 0.06020893793284764 0.3
134.98022587469077 95.03812082253627 2.768155930684329 8.12826586897269 0.9981857962288376 0.06020893793284764 0.3
134.98022587469077 95.03812082253627 2.768155930684329 8.12826586897269 0.9981857962288376 0.06020893793284764 0.3
134.98022587469077 95.03812082253627 2.768155930684329 8.12826586897269 0.9981857962288376 0.06020893793284764 0.3
134.98022587469077 95.03812082253627 2.768155930684329 8.12826586897269 0.9981857962288376 0.06020893793284764 0.3
134.97423184844152 94.96932303842132 2.552448204580077 4.745607413667894 0.9952858744200689 0.09698468012979658 0.3
134.9243790366405 95.00427955708292 2.3541332052950725 3.001297458922763 0.9962276047646362 0.08677879640163091 0.3
134.98850924633115 95.0343282557133 2.0837453946282016 2.323000579688333 0.9863684853110528 0.16455154567848745 0.3
134.97402859872216 95.03231443629979 2.0651366506770295 1.8794206540931584 0.21143208690540133 0.977392691105692 0.3
134.96790139441683 94.98585178670092 1.6674553203048945 1.9211032634387943 0.9389833271209165 0.34396265987594343 0.3
134.96790139441683 94.98585178670092 1.6674553203048945 1.9211032634387943 0.9389833271209165 0.34396265987594343 0.3
134.96790139441683 94.98585178670092 1.6674553203048945 1.9211032634387943 0.9389833271209165 0.34396265987594343 0.3
134.96790139441683 94.98585178670092 1.6674553203048945 1.9211032634387943 0.9389833271209165 0.34396265987594343 0.3
134.96790139441683 94.98585178670092 1.6674553203048945 1.9211032634387943 0.9389833271209165 0.34396265987594343 0.3
134.96790139441683 94.98585178670092 1.6674553203048945 1.9211032634387943 0.9389833271209165 0.34396265987594343 0.3
134.96790139441683 94.98585178670092 1.6674553203048945 1.9211032634387943 0.9389833271209165 0.34396265987594343 0.3
134.96790139441683 94.98585178670092 1.6674553203048945 1.9211032634387943 0.9389833271209165 0.34396265987594343 0.3
134.96790139441683 94.98585178670092 1.6674553203048945 1.9211032634387943 0.9389833271209165 0.34396265987594343 0.3
135.0273749251288 95.03952527516756 1.8058469359813678 1.4655978371070848 0.07526653090797773 0.9971634516592947 0.3
135.03087402752615 94.9700891295823 2.0134306187535107 1.4890866791778419 0.19577236920209107 0.9806493662145508 0.3
135.01715092027789 94.99885877771086 1.8098806855134564 1.5102730188467526 0.20355591218844832 0.9790633230864737 0.3
135.020576744084 94.98910233042501 1.8069677270792317 1.2928851772611243 0.08488756077931915 0.9963905369005355 0.3
134.98249991947398 95.02617865196765 1.7015870446577235 1.2975288773951257 0.01841436349843661 0.999830441233386 0.3
134.99219932948898 95.02799016815297 1.7095523573294389 1.3197298506009099 0.09823188536307624 0.9951635527379484 0.3
134.99219932948898 95.02799016815297 1.7095523573294389 1.3197298506009099 0.09823188536307624 0.9951635527379484 0.3
