15.943072171517253 42.195294149708985 6.564616378010303 13.644425253704814 0.9999993708375522 0.0011217506406347138 5
15.943072171517253 42.195294149708985 6.564616378010303 13.644425253704814 0.9999993708375522 0.0011217506406347138 0.3
15.943072171517253 42.195294149708985 6.564616378010303 13.644425253704814 0.9999993708375522 0.0011217506406347138 0.3
15.943072171517253 42.195294149708985 6.564616378010303 13.644425253704814 0.9999993708375522 0.0011217506406347138 0.3
15.943072171517253 42.195294149708985 6.564616378010303 13.644425253704814 0.9999993708375522 0.0011217506406347138 0.3
15.943072171517253 42.195294149708985 6.564616378010303 13.644425253704814 0.9999993708375522 0.0011217506406347138 0.3
15.943072171517253 42.195294149708985 6.564616378010303 13.644425253704814 0.9999993708375522 0.0011217506406347138 0.3
15.943072171517253 42.195294149708985 6.564616378010303 13.644425253704814 0.9999993708375522 0.0011217506406347138 0.3
15.943072171517253 42.195294149708985 6.564616378010303 13.644425253704814 0.9999993708375522 0.0011217506406347138 0.3
15.943072171517253 42.195294149708985 6.564616378010303 13.644425253704814 0.9999993708375522 0.0011217506406347138 0.3
15.919417366768414 42.02860691755699 6.178406773341752 2.8196951017307885 0.09007300644631801 0.9959351653143499 0.3
15.952100867529385 41.99012325432266 5.791190252647367 1.95982014684524 0.05777923016895178 0.9983293848029734 0.3
15.971751940977 41.99214204386313 5.1692544020843005 1.5671117571283815 0.044859604050201216 0.9989933012410339 0.3
16.022362645011064 41.98383234446274 4.879109258167442 1.3364136697573903 0.0072364860730371365 0.9999738162918641 0.3
15.995302291090644 41.97877382714023 4.23780737111224 1.2178976970907276 0.0016978064701324278 0.9999985587255563 0.3
16.036304390883828 41.98621860824382 4.481678461889553 1.0919064903720344 0.020737720966468774 0.9997849503413806 0.3
16.050332072871335 41.997120242582895 4.480978576573199 0.9366142529233408 0.030520499345345908 0.9995341410475735 0.3
15.9426475703715 41.99961448712485 4.532120543075415 1.034798191945446 0.028769959096637012 0.9995860590532352 0.3
15.9426475703715 41.99961448712485 4.532120543075415 1.034798191945446 0.028769959096637012 0.9995860590532352 0.3
15.9426475703715 41.99961448712485 4.532120543075415 1.034798191945446 0.028769959096637012 0.9995860590532352 0.3
15.9426475703715 41.99961448712485 4.532120543075415 1.034798191945446 0.028769959096637012 0.9995860590532352 0.3
15.9426475703715 41.99961448712485 4.532120543075415 1.034798191945446 0.028769959096637012 0.9995860590532352 0.3
15.9426475703715 41.99961448712485 4.532120543075415 1.034798191945446 0.028769959096637012 0.9995860590532352 0.3
15.9426475703715 41.99961448712485 4.532120543075415 1.034798191945446 0.028769959096637012 0.9995860590532352 0.3
15.9426475703715 41.99961448712485 4.532120543075415 1.034798191945446 0.028769959096637012 0.9995860590532352 0.3
15.9426475703715 41.99961448712485 4.532120543075415 1.034798191945446 0.028769959096637012 0.9995860590532352 0.3
15.9426475703715 41.99961448712485 4.532120543075415 1.034798191945446 0.028769959096637012 0.9995860590532352 0.3
15.9426475703715 41.99961448712485 4.532120543075415 1.034798191945446 0.028769959096637012 0.9995860590532352 0.3
15.9426475703715 41.99961448712485 4.532120543075415 1.034798191945446 0.028769959096637012 0.9995860590532352 0.3
15.9426475703715 41.99961448712485 4.532120543075415 1.034798191945446 0.028769959096637012 0.9995860590532352 0.3
15.9426475703715 41.99961448712485 4.532120543075415 1.034798191945446 0.028769959096637012 0.9995860590532352 0.3
15.9426475703715 41.99961448712485 4.532120543075415 1.034798191945446 0.028769959096637012 0.9995860590532352 0.3
15.9426475703715 41.99961448712485 4.532120543075415 1.034798191945446 0.028769959096637012 0.9995860590532352 0.3
15.9426475703715 41.99961448712485 4.532120543075415 1.034798191945446 0.028769959096637012 0.9995860590532352 0.3
15.9426475703715 41.99961448712485 4.532120543075415 1.034798191945446 0.028769959096637012 0.9995860590532352 0.3
15.9426475703715 41.99961448712485 4.532120543075415 1.034798191945446 0.028769959096637012 0.9995860590532352 0.3
15.9426475703715 41.99961448712485 4.532120543075415 1.034798191945446 0.028769959096637012 0.9995860590532352 0.3
15.9426475703715 41.99961448712485 4.532120543075415 1.034798191945446 0.028769959096637012 0.9995860590532352 0.3
15.9426475703715 41.99961448712485 4.532120543075415 1.034798191945446 0.028769959096637012 0.9995860590532352 0.3
15.9426475703715 41.99961448712485 4.532120543075415 1.034798191945446 0.028769959096637012 0.9995860590532352 0.3
15.9426475703715 41.99961448712485 4.532120543075415 1.034798191945446 0.028769959096637012 0.9995860590532352 0.3
15.9426475703715 41.99961448712485 4.532120543075415 1.034798191945446 0.028769959096637012 0.9995860590532352 0.3
15.9426475703715 41.99961448712485 4.532120543075415 1.034798191945446 0.028769959096637012 0.9995860590532352 0.3
15.9426475703715 41.99961448712485 4.532120543075415 1.034798191945446 0.028769959096637012 0.9995860590532352 0.3
15.9426475703715 41.99961448712485 4.532120543075415 1.034798191945446 0.028769959096637012 0.9995860590532352 0.3
15.9426475703715 41.99961448712485 4.532120543075415 1.034798191945446 0.028769959096637012 0.9995860590532352 0.3
15.9426475703715 41.99961448712485 4.532120543075415 1.034798191945446 0.028769959096637012 0.9995860590532352 0.3
15.9426475703715 41.99961448712485 4.532120543075415 1.034798191945446 0.028769959096637012 0.9995860590532352 0.3
15.9426475703715 41.99961448712485 4.532120543075415 1.034798191945446 0.028769959096637012 0.9995860590532352 0.3
15.9426475703715 41.99961448712485 4.532120543075415 1.034798191945446 0.028769959096637012 0.9995860590532352 0.3
15.9426475703715 41.99961448712485 4.532120543075415 1.034798191945446 0.028769959096637012 0.9995860590532352 0.3
15.9426475703715 41.99961448712485 4.532120543075415 1.034798191945446 0.028769959096637012 0.9995860590532352 0.3
15.9426475703715 41.99961448712485 4.532120543075415 1.034798191945446 0.028769959096637012 0.9995860590532352 0.3
15.9426475703715 41.99961448712485 4.532120543075415 1.034798191945446 0.028769959096637012 0.9995860590532352 0.3
15.9426475703715 41.99961448712485 4.532120543075415 1.034798191945446 0.028769959096637012 0.9995860590532352 0.3
15.968076737806308 42.02181015171404 4.13828368829185 0.9152590187276606 0.027429793060728725 0.9996237324376835 0.3
15.983358218859726 41.996922217036484 4.395703027754212 0.8905921770371386 0.012846239176899123 0.9999174836650322 0.3
16.025885117627674 42.00251826961819 4.353944518566106 0.8545168345269676 0.023435251839850926 0.9997253567711498 0.3
15.978374798100381 42.0086922890002 4.2063596109433705 0.8963601909711675 0.022331391926340323 0.999750623372965 0.3
15.980458677049324 42.00205921792367 3.9665254249715356 0.9225268543074678 0.027231927573902588 0.9996291422925853 0.3
15.980458677049324 42.00205921792367 3.9665254249715356 0.9225268543074678 0.027231927573902588 0.9996291422925853 0.3
15.980458677049324 42.00205921792367 3.9665254249715356 0.9225268543074678 0.027231927573902588 0.9996291422925853 0.3
15.980458677049324 42.00205921792367 3.9665254249715356 0.9225268543074678 0.027231927573902588 0.9996291422925853 0.3
15.980458677049324 42.00205921792367 3.9665254249715356 0.9225268543074678 0.027231927573902588 0.9996291422925853 0.3
15.980458677049324 42.00205921792367 3.9665254249715356 0.9225268543074678 0.027231927573902588 0.9996291422925853 0.3
15.980458677049324 42.00205921792367 3.9665254249715356 0.9225268543074678 0.027231927573902588 0.9996291422925853 0.3
15.980458677049324 42.00205921792367 3.9665254249715356 0.9225268543074678 0.027231927573902588 0.9996291422925853 0.3
15.980458677049324 42.00205921792367 3.9665254249715356 0.9225268543074678 0.027231927573902588 0.9996291422925853 0.3
15.980458677049324 42.00205921792367 3.9665254249715356 0.9225268543074678 0.027231927573902588 0.9996291422925853 0.3
15.980458677049324 42.00205921792367 3.9665254249715356 0.9225268543074678 0.027231927573902588 0.9996291422925853 0.3
15.980458677049324 42.00205921792367 3.9665254249715356 0.9225268543074678 0.027231927573902588 0.9996291422925853 0.3
15.980458677049324 42.00205921792367 3.9665254249715356 0.9225268543074678 0.027231927573902588 0.9996291422925853 0.3
15.980458677049324 42.00205921792367 3.9665254249715356 0.9225268543074678 0.027231927573902588 0.9996291422925853 0.3
15.980458677049324 42.00205921792367 3.9665254249715356 0.9225268543074678 0.027231927573902588 0.9996291422925853 0.3
15.980458677049324 42.00205921792367 3.9665254249715356 0.9225268543074678 0.027231927573902588 0.9996291422925853 0.3
15.980458677049324 42.00205921792367 3.9665254249715356 0.9225268543074678 0.027231927573902588 0.9996291422925853 0.3
15.980458677049324 42.00205921792367 3.9665254249715356 0.9225268543074678 0.027231927573902588 0.9996291422925853 0.3
15.980458677049324 42.00205921792367 3.9665254249715356 0.9225268543074678 0.027231927573902588 0.9996291422925853 0.3
15.980458677049324 42.00205921792367 3.9665254249715356 0.9225268543074678 0.027231927573902588 0.9996291422925853 0.3
15.980458677049324 42.00205921792367 3.9665254249715356 0.9225268543074678 0.027231927573902588 0.9996291422925853 0.3
15.980458677049324 42.00205921792367 3.9665254249715356 0.9225268543074678 0.027231927573902588 0.9996291422925853 0.3
15.980458677049324 42.00205921792367 3.9665254249715356 0.9225268543074678 0.027231927573902588 0.9996291422925853 0.3
15.980458677049324 42.00205921792367 3.9665254249715356 0.9225268543074678 0.027231927573902588 0.9996291422925853 0.3
15.980458677049324 42.00205921792367 3.9665254249715356 0.9225268543074678 0.027231927573902588 0.9996291422925853 0.3
15.980458677049324 42.00205921792367 3.9665254249715356 0.9225268543074678 0.027231927573902588 0.9996291422925853 0.3
15.980458677049324 42.00205921792367 3.9665254249715356 0.9225268543074678 0.027231927573902588 0.9996291422925853 0.3
15.980458677049324 42.00205921792367 3.9665254249715356 0.9225268543074678 0.027231927573902588 0.9996291422925853 0.3
15.980458677049324 42.00205921792367 3.9665254249715356 0.9225268543074678 0.027231927573902588 0.9996291422925853 0.3
15.980458677049324 42.00205921792367 3.9665254249715356 0.9225268543074678 0.027231927573902588 0.9996291422925853 0.3
15.980458677049324 42.00205921792367 3.9665254249715356 0.9225268543074678 0.027231927573902588 0.9996291422925853 0.3
15.980458677049324 42.00205921792367 3.9665254249715356 0.9225268543074678 0.027231927573902588 0.9996291422925853 0.3
15.980458677049324 42.00205921792367 3.9665254249715356 0.9225268543074678 0.027231927573902588 0.9996291422925853 0.3
15.980458677049324 42.00205921792367 3.9665254249715356 0.9225268543074678 0.027231927573902588 0.9996291422925853 0.3
15.980458677049324 42.00205921792367 3.9665254249715356 0.9225268543074678 0.027231927573902588 0.9996291422925853 0.3
15.980458677049324 42.00205921792367 3.9665254249715356 0.9225268543074678 0.027231927573902588 0.9996291422925853 0.3
15.980458677049324 42.00205921792367 3.9665254249715356 0.9225268543074678 0.027231927573902588 0.9996291422925853 0.3
15.980458677049324 42.00205921792367 3.9665254249715356 0.9225268543074678 0.027231927573902588 0.9996291422925853 0.3
15.980458677049324 42.00205921792367 3.9665254249715356 0.9225268543074678 0.027231927573902588 0.9996291422925853 0.3
15.980458677049324 42.00205921792367 3.9665254249715356 0.9225268543074678 0.027231927573902588 0.9996291422925853 0.3
15.980458677049324 42.00205921792367 3.9665254249715356 0.9225268543074678 0.027231927573902588 0.9996291422925853 0.3
15.980458677049324 42.00205921792367 3.9665254249715356 0.9225268543074678 0.027231927573902588 0.9996291422925853 0.3
15.980458677049324 42.00205921792367 3.9665254249715356 0.9225268543074678 0.027231927573902588 0.9996291422925853 0.3
15.980458677049324 42.00205921792367 3.9665254249715356 0.9225268543074678 0.027231927573902588 0.9996291422925853 0.3
15.980458677049324 42.00205921792367 3.9665254249715356 0.9225268543074678 0.027231927573902588 0.9996291422925853 0.3
15.980458677049324 42.00205921792367 3.9665254249715356 0.9225268543074678 0.027231927573902588 0.9996291422925853 0.3
15.980458677049324 42.00205921792367 3.9665254249715356 0.9225268543074678 0.027231927573902588 0.9996291422925853 0.3
15.980458677049324 42.00205921792367 3.9665254249715356 0.9225268543074678 0.027231927573902588 0.9996291422925853 0.3
15.980458677049324 42.00205921792367 3.9665254249715356 0.9225268543074678 0.027231927573902588 0.9996291422925853 0.3
15.980458677049324 42.00205921792367 3.9665254249715356 0.9225268543074678 0.027231927573902588 0.9996291422925853 0.3
15.980458677049324 42.00205921792367 3.9665254249715356 0.9225268543074678 0.027231927573902588 0.9996291422925853 0.3
15.980458677049324 42.00205921792367 3.9665254249715356 0.9225268543074678 0.027231927573902588 0.9996291422925853 0.3
15.980458677049324 42.00205921792367 3.9665254249715356 0.9225268543074678 0.027231927573902588 0.9996291422925853 0.3
15.980458677049324 42.00205921792367 3.9665254249715356 0.9225268543074678 0.027231927573902588 0.9996291422925853 0.3
15.980458677049324 42.00205921792367 3.9665254249715356 0.9225268543074678 0.027231927573902588 0.9996291422925853 0.3
15.980458677049324 42.00205921792367 3.9665254249715356 0.9225268543074678 0.027231927573902588 0.9996291422925853 0.3
15.980458677049324 42.00205921792367 3.9665254249715356 0.9225268543074678 0.027231927573902588 0.9996291422925853 0.3
15.980458677049324 42.00205921792367 3.9665254249715356 0.9225268543074678 0.027231927573902588 0.9996291422925853 0.3
15.980458677049324 42.00205921792367 3.9665254249715356 0.9225268543074678 0.027231927573902588 0.9996291422925853 0.3
15.980458677049324 42.00205921792367 3.9665254249715356 0.9225268543074678 0.027231927573902588 0.9996291422925853 0.3
15.980458677049324 42.00205921792367 3.9665254249715356 0.9225268543074678 0.027231927573902588 0.9996291422925853 0.3
15.980458677049324 42.00205921792367 3.9665254249715356 0.9225268543074678 0.027231927573902588 0.9996291422925853 0.3
15.980458677049324 42.00205921792367 3.9665254249715356 0.9225268543074678 0.027231927573902588 0.9996291422925853 0.3
15.980458677049324 42.00205921792367 3.9665254249715356 0.9225268543074678 0.027231927573902588 0.9996291422925853 0.3
15.980458677049324 42.00205921792367 3.9665254249715356 0.9225268543074678 0.027231927573902588 0.9996291422925853 0.3
15.980458677049324 42.00205921792367 3.9665254249715356 0.9225268543074678 0.027231927573902588 0.9996291422925853 0.3
15.980458677049324 42.00205921792367 3.9665254249715356 0.9225268543074678 0.027231927573902588 0.9996291422925853 0.3
15.980458677049324 42.00205921792367 3.9665254249715356 0.9225268543074678 0.027231927573902588 0.9996291422925853 0.3
15.980458677049324 42.00205921792367 3.9665254249715356 0.9225268543074678 0.027231927573902588 0.9996291422925853 0.3
15.980458677049324 42.00205921792367 3.9665254249715356 0.9225268543074678 0.027231927573902588 0.9996291422925853 0.3
15.980458677049324 42.00205921792367 3.9665254249715356 0.9225268543074678 0.027231927573902588 0.9996291422925853 0.3
15.980458677049324 42.00205921792367 3.9665254249715356 0.9225268543074678 0.027231927573902588 0.9996291422925853 0.3
15.980458677049324 42.00205921792367 3.9665254249715356 0.9225268543074678 0.027231927573902588 0.9996291422925853 0.3
15.980458677049324 42.00205921792367 3.9665254249715356 0.9225268543074678 0.027231927573902588 0.9996291422925853 0.3
15.980458677049324 42.00205921792367 3.9665254249715356 0.9225268543074678 0.027231927573902588 0.9996291422925853 0.3
15.980458677049324 42.00205921792367 3.9665254249715356 0.9225268543074678 0.027231927573902588 0.9996291422925853 0.3
15.980458677049324 42.00205921792367 3.9665254249715356 0.9225268543074678 0.027231927573902588 0.9996291422925853 0.3
15.980458677049324 42.00205921792367 3.9665254249715356 0.9225268543074678 0.027231927573902588 0.9996291422925853 0.3
15.980458677049324 42.00205921792367 3.9665254249715356 0.9225268543074678 0.027231927573902588 0.9996291422925853 0.3
15.980458677049324 42.00205921792367 3.9665254249715356 0.9225268543074678 0.027231927573902588 0.9996291422925853 0.3
15.980458677049324 42.00205921792367 3.9665254249715356 0.9225268543074678 0.027231927573902588 0.9996291422925853 0.3
15.980458677049324 42.00205921792367 3.9665254249715356 0.9225268543074678 0.027231927573902588 0.9996291422925853 0.3
15.980458677049324 42.00205921792367 3.9665254249715356 0.9225268543074678 0.027231927573902588 0.9996291422925853 0.3
15.980458677049324 42.00205921792367 3.9665254249715356 0.9225268543074678 0.027231927573902588 0.9996291422925853 0.3
15.980458677049324 42.00205921792367 3.9665254249715356 0.9225268543074678 0.027231927573902588 0.9996291422925853 0.3
15.980458677049324 42.00205921792367 3.9665254249715356 0.9225268543074678 0.027231927573902588 0.9996291422925853 0.3
15.980458677049324 42.00205921792367 3.9665254249715356 0.9225268543074678 0.027231927573902588 0.9996291422925853 0.3
15.980458677049324 42.00205921792367 3.9665254249715356 0.9225268543074678 0.027231927573902588 0.9996291422925853 0.3
15.980458677049324 42.00205921792367 3.9665254249715356 0.9225268543074678 0.027231927573902588 0.9996291422925853 0.3
15.980458677049324 42.00205921792367 3.9665254249715356 0.9225268543074678 0.027231927573902588 0.9996291422925853 0.3
15.980458677049324 42.00205921792367 3.9665254249715356 0.9225268543074678 0.027231927573902588 0.9996291422925853 0.3
15.980458677049324 42.00205921792367 3.9665254249715356 0.9225268543074678 0.027231927573902588 0.9996291422925853 0.3
15.980458677049324 42.00205921792367 3.9665254249715356 0.9225268543074678 0.027231927573902588 0.9996291422925853 0.3
15.980458677049324 42.00205921792367 3.9665254249715356 0.9225268543074678 0.027231927573902588 0.9996291422925853 0.3
15.980458677049324 42.00205921792367 3.9665254249715356 0.9225268543074678 0.027231927573902588 0.9996291422925853 0.3
15.980458677049324 42.00205921792367 3.9665254249715356 0.9225268543074678 0.027231927573902588 0.9996291422925853 0.3
15.980458677049324 42.00205921792367 3.9665254249715356 0.9225268543074678 0.027231927573902588 0.9996291422925853 0.3
15.980458677049324 42.00205921792367 3.9665254249715356 0.9225268543074678 0.027231927573902588 0.9996291422925853 0.3
15.980458677049324 42.00205921792367 3.9665254249715356 0.9225268543074678 0.027231927573902588 0.9996291422925853 0.3
15.980458677049324 42.00205921792367 3.9665254249715356 0.9225268543074678 0.027231927573902588 0.9996291422925853 0.3
15.980458677049324 42.00205921792367 3.9665254249715356 0.9225268543074678 0.027231927573902588 0.9996291422925853 0.3
15.980458677049324 42.00205921792367 3.9665254249715356 0.9225268543074678 0.027231927573902588 0.9996291422925853 0.3
15.980458677049324 42.00205921792367 3.9665254249715356 0.9225268543074678 0.027231927573902588 0.9996291422925853 0.3
15.980458677049324 42.00205921792367 3.9665254249715356 0.9225268543074678 0.027231927573902588 0.9996291422925853 0.3
15.980458677049324 42.00205921792367 3.9665254249715356 0.9225268543074678 0.027231927573902588 0.9996291422925853 0.3
15.980458677049324 42.00205921792367 3.9665254249715356 0.9225268543074678 0.027231927573902588 0.9996291422925853 0.3
15.980458677049324 42.00205921792367 3.9665254249715356 0.9225268543074678 0.027231927573902588 0.9996291422925853 0.3
15.980458677049324 42.00205921792367 3.9665254249715356 0.9225268543074678 0.027231927573902588 0.9996291422925853 0.3
15.980458677049324 42.00205921792367 3.9665254249715356 0.9225268543074678 0.027231927573902588 0.9996291422925853 0.3
15.980458677049324 42.00205921792367 3.9665254249715356 0.9225268543074678 0.027231927573902588 0.9996291422925853 0.3
15.980458677049324 42.00205921792367 3.9665254249715356 0.9225268543074678 0.027231927573902588 0.9996291422925853 0.3
15.980458677049324 42.00205921792367 3.9665254249715356 0.9225268543074678 0.027231927573902588 0.9996291422925853 0.3
15.980458677049324 42.00205921792367 3.9665254249715356 0.9225268543074678 0.027231927573902588 0.9996291422925853 0.3
15.980458677049324 42.00205921792367 3.9665254249715356 0.9225268543074678 0.027231927573902588 0.9996291422925853 0.3
15.980458677049324 42.00205921792367 3.9665254249715356 0.9225268543074678 0.027231927573902588 0.9996291422925853 0.3
15.980458677049324 42.00205921792367 3.9665254249715356 0.9225268543074678 0.027231927573902588 0.9996291422925853 0.3
15.980458677049324 42.00205921792367 3.9665254249715356 0.9225268543074678 0.027231927573902588 0.9996291422925853 0.3
15.980458677049324 42.00205921792367 3.9665254249715356 0.9225268543074678 0.027231927573902588 0.9996291422925853 0.3
15.980458677049324 42.00205921792367 3.9665254249715356 0.9225268543074678 0.027231927573902588 0.9996291422925853 0.3
15.980458677049324 42.00205921792367 3.9665254249715356 0.9225268543074678 0.027231927573902588 0.9996291422925853 0.3
15.980458677049324 42.00205921792367 3.9665254249715356 0.9225268543074678 0.027231927573902588 0.9996291422925853 0.3
15.980458677049324 42.00205921792367 3.9665254249715356 0.9225268543074678 0.027231927573902588 0.9996291422925853 0.3
15.980458677049324 42.00205921792367 3.9665254249715356 0.9225268543074678 0.027231927573902588 0.9996291422925853 0.3
15.980458677049324 42.00205921792367 3.9665254249715356 0.9225268543074678 0.027231927573902588 0.9996291422925853 0.3
15.980458677049324 42.00205921792367 3.9665254249715356 0.9225268543074678 0.027231927573902588 0.9996291422925853 0.3
15.980458677049324 42.00205921792367 3.9665254249715356 0.9225268543074678 0.027231927573902588 0.9996291422925853 0.3
15.980458677049324 42.00205921792367 3.9665254249715356 0.9225268543074678 0.027231927573902588 0.9996291422925853 0.3
15.980458677049324 42.00205921792367 3.9665254249715356 0.9225268543074678 0.027231927573902588 0.9996291422925853 0.3
