99.91839296427771 54.98910448961358 9.085765157190972 7.821249103624908 0.11764379751776381 0.9930558578980335 5
99.91839296427771 54.98910448961358 9.085765157190972 7.821249103624908 0.11764379751776381 0.9930558578980335 0.3
99.91839296427771 54.98910448961358 9.085765157190972 7.821249103624908 0.11764379751776381 0.9930558578980335 0.3
99.91839296427771 54.98910448961358 9.085765157190972 7.821249103624908 0.11764379751776381 0.9930558578980335 0.3
99.91839296427771 54.98910448961358 9.085765157190972 7.821249103624908 0.11764379751776381 0.9930558578980335 0.3
99.91839296427771 54.98910448961358 9.085765157190972 7.821249103624908 0.11764379751776381 0.9930558578980335 0.3
99.91839296427771 54.98910448961358 9.085765157190972 7.821249103624908 0.11764379751776381 0.9930558578980335 0.3
99.91839296427771 54.98910448961358 9.085765157190972 7.821249103624908 0.11764379751776381 0.9930558578980335 0.3
99.91839296427771 54.98910448961358 9.085765157190972 7.821249103624908 0.11764379751776381 0.9930558578980335 0.3
99.91839296427771 54.98910448961358 9.085765157190972 7.821249103624908 0.11764379751776381 0.9930558578980335 0.3
99.91839296427771 54.98910448961358 9.085765157190972 7.821249103624908 0.11764379751776381 0.9930558578980335 0.3
99.91839296427771 54.98910448961358 9.085765157190972 7.821249103624908 0.11764379751776381 0.9930558578980335 0.3
99.91839296427771 54.98910448961358 9.085765157190972 7.821249103624908 0.11764379751776381 0.9930558578980335 0.3
99.91839296427771 54.98910448961358 9.085765157190972 7.821249103624908 0.11764379751776381 0.9930558578980335 0.3
99.91839296427771 54.98910448961358 9.085765157190972 7.821249103624908 0.11764379751776381 0.9930558578980335 0.3
99.91839296427771 54.98910448961358 9.085765157190972 7.821249103624908 0.11764379751776381 0.9930558578980335 0.3
99.91839296427771 54.98910448961358 9.085765157190972 7.821249103624908 0.11764379751776381 0.9930558578980335 0.3
99.91839296427771 54.98910448961358 9.085765157190972 7.821249103624908 0.11764379751776381 0.9930558578980335 0.3
99.91839296427771 54.98910448961358 9.085765157190972 7.821249103624908 0.11764379751776381 0.9930558578980335 0.3
99.91839296427771 54.98910448961358 9.085765157190972 7.821249103624908 0.11764379751776381 0.9930558578980335 0.3
99.91839296427771 54.98910448961358 9.085765157190972 7.821249103624908 0.11764379751776381 0.9930558578980335 0.3
99.91839296427771 54.98910448961358 9.085765157190972 7.821249103624908 0.11764379751776381 0.9930558578980335 0.3
99.91839296427771 54.98910448961358 9.085765157190972 7.821249103624908 0.11764379751776381 0.9930558578980335 0.3
99.91839296427771 54.98910448961358 9.085765157190972 7.821249103624908 0.11764379751776381 0.9930558578980335 0.3
99.91839296427771 54.98910448961358 9.085765157190972 7.821249103624908 0.11764379751776381 0.9930558578980335 0.3
99.91839296427771 54.98910448961358 9.085765157190972 7.821249103624908 0.11764379751776381 0.9930558578980335 0.3
99.91839296427771 54.98910448961358 9.085765157190972 7.821249103624908 0.11764379751776381 0.9930558578980335 0.3
99.91839296427771 54.98910448961358 9.085765157190972 7.821249103624908 0.11764379751776381 0.9930558578980335 0.3
99.91839296427771 54.98910448961358 9.085765157190972 7.821249103624908 0.11764379751776381 0.9930558578980335 0.3
99.91839296427771 54.98910448961358 9.085765157190972 7.821249103624908 0.11764379751776381 0.9930558578980335 0.3
99.91839296427771 54.98910448961358 9.085765157190972 7.821249103624908 0.11764379751776381 0.9930558578980335 0.3
99.91839296427771 54.98910448961358 9.085765157190972 7.821249103624908 0.11764379751776381 0.9930558578980335 0.3
99.91839296427771 54.98910448961358 9.085765157190972 7.821249103624908 0.11764379751776381 0.9930558578980335 0.3
99.91839296427771 54.98910448961358 9.085765157190972 7.821249103624908 0.11764379751776381 0.9930558578980335 0.3
99.91839296427771 54.98910448961358 9.085765157190972 7.821249103624908 0.11764379751776381 0.9930558578980335 0.3
99.91839296427771 54.98910448961358 9.085765157190972 7.821249103624908 0.11764379751776381 0.9930558578980335 0.3
99.91839296427771 54.98910448961358 9.085765157190972 7.821249103624908 0.11764379751776381 0.9930558578980335 0.3
99.91839296427771 54.98910448961358 9.085765157190972 7.821249103624908 0.11764379751776381 0.9930558578980335 0.3
99.91839296427771 54.98910448961358 9.085765157190972 7.821249103624908 0.11764379751776381 0.9930558578980335 0.3
99.91839296427771 54.98910448961358 9.085765157190972 7.821249103624908 0.11764379751776381 0.9930558578980335 0.3
99.91839296427771 54.98910448961358 9.085765157190972 7.821249103624908 0.11764379751776381 0.9930558578980335 0.3
99.91839296427771 54.98910448961358 9.085765157190972 7.821249103624908 0.11764379751776381 0.9930558578980335 0.3
99.91839296427771 54.98910448961358 9.085765157190972 7.821249103624908 0.11764379751776381 0.9930558578980335 0.3
99.91839296427771 54.98910448961358 9.085765157190972 7.821249103624908 0.11764379751776381 0.9930558578980335 0.3
99.91839296427771 54.98910448961358 9.085765157190972 7.821249103624908 0.11764379751776381 0.9930558578980335 0.3
99.91839296427771 54.98910448961358 9.085765157190972 7.821249103624908 0.11764379751776381 0.9930558578980335 0.3
99.91839296427771 54.98910448961358 9.085765157190972 7.821249103624908 0.11764379751776381 0.9930558578980335 0.3
99.91839296427771 54.98910448961358 9.085765157190972 7.821249103624908 0.11764379751776381 0.9930558578980335 0.3
99.91839296427771 54.98910448961358 9.085765157190972 7.821249103624908 0.11764379751776381 0.9930558578980335 0.3
99.91839296427771 54.98910448961358 9.085765157190972 7.821249103624908 0.11764379751776381 0.9930558578980335 0.3
99.91839296427771 54.98910448961358 9.085765157190972 7.821249103624908 0.11764379751776381 0.9930558578980335 0.3
99.91839296427771 54.98910448961358 9.085765157190972 7.821249103624908 0.11764379751776381 0.9930558578980335 0.3
99.91839296427771 54.98910448961358 9.085765157190972 7.821249103624908 0.11764379751776381 0.9930558578980335 0.3
99.91839296427771 54.98910448961358 9.085765157190972 7.821249103624908 0.11764379751776381 0.9930558578980335 0.3
99.91839296427771 54.98910448961358 9.085765157190972 7.821249103624908 0.11764379751776381 0.9930558578980335 0.3
99.91839296427771 54.98910448961358 9.085765157190972 7.821249103624908 0.11764379751776381 0.9930558578980335 0.3
99.91839296427771 54.98910448961358 9.085765157190972 7.821249103624908 0.11764379751776381 0.9930558578980335 0.3
99.91839296427771 54.98910448961358 9.085765157190972 7.821249103624908 0.11764379751776381 0.9930558578980335 0.3
99.91839296427771 54.98910448961358 9.085765157190972 7.821249103624908 0.11764379751776381 0.9930558578980335 0.3
99.91839296427771 54.98910448961358 9.085765157190972 7.821249103624908 0.11764379751776381 0.9930558578980335 0.3
99.91839296427771 54.98910448961358 9.085765157190972 7.821249103624908 0.11764379751776381 0.9930558578980335 0.3
99.91839296427771 54.98910448961358 9.085765157190972 7.821249103624908 0.11764379751776381 0.9930558578980335 0.3
99.91839296427771 54.98910448961358 9.085765157190972 7.821249103624908 0.11764379751776381 0.9930558578980335 0.3
99.91839296427771 54.98910448961358 9.085765157190972 7.821249103624908 0.11764379751776381 0.9930558578980335 0.3
99.91839296427771 54.98910448961358 9.085765157190972 7.821249103624908 0.11764379751776381 0.9930558578980335 0.3
100.01639167998157 54.98301537014416 8.68551755228566 3.911903016567136 0.02798134393742096 0.9996084455382797 0.3
100.13556794123397 55.0040660695093 8.914190633649028 2.741685547158757 0.028209583758229958 0.9996020305022332 0.3
100.10957611207574 55.0014441802468 8.17060457537696 2.46532182232155 0.014173420255847802 0.9998995520342286 0.3
100.02748958536006 54.993268277969165 8.457429503998961 2.25690573873345 0.00985715075837326 0.9999514171093147 0.3
99.94883083571425 55.00270818257524 7.731669243197093 1.8470975248838135 0.01258123530333089 0.9999208531270074 0.3
100.08467526407854 54.99101883369707 9.374147043925586 1.5960467346838896 0.03402806042840411 0.9994208778605143 0.3
99.92910474175778 55.00156212615716 8.588122269154725 1.523905274707666 0.01928684440849974 0.9998139915168033 0.3
100.03208339342947 54.983622475164985 8.27442976705455 1.537296183783945 0.030906017282198255 0.9995222949468173 0.3
100.03208339342947 54.983622475164985 8.27442976705455 1.537296183783945 0.030906017282198255 0.9995222949468173 0.3
100.03208339342947 54.983622475164985 8.27442976705455 1.537296183783945 0.030906017282198255 0.9995222949468173 0.3
100.03208339342947 54.983622475164985 8.27442976705455 1.537296183783945 0.030906017282198255 0.9995222949468173 0.3
100.03208339342947 54.983622475164985 8.27442976705455 1.537296183783945 0.030906017282198255 0.9995222949468173 0.3
100.03208339342947 54.983622475164985 8.27442976705455 1.537296183783945 0.030906017282198255 0.9995222949468173 0.3
100.03208339342947 54.983622475164985 8.27442976705455 1.537296183783945 0.030906017282198255 0.9995222949468173 0.3
100.03208339342947 54.983622475164985 8.27442976705455 1.537296183783945 0.030906017282198255 0.9995222949468173 0.3
100.03208339342947 54.983622475164985 8.27442976705455 1.537296183783945 0.030906017282198255 0.9995222949468173 0.3
100.03208339342947 54.983622475164985 8.27442976705455 1.537296183783945 0.030906017282198255 0.9995222949468173 0.3
100.03208339342947 54.983622475164985 8.27442976705455 1.537296183783945 0.030906017282198255 0.9995222949468173 0.3
100.03208339342947 54.983622475164985 8.27442976705455 1.537296183783945 0.030906017282198255 0.9995222949468173 0.3
100.03208339342947 54.983622475164985 8.27442976705455 1.537296183783945 0.030906017282198255 0.9995222949468173 0.3
100.03208339342947 54.983622475164985 8.27442976705455 1.537296183783945 0.030906017282198255 0.9995222949468173 0.3
100.03208339342947 54.983622475164985 8.27442976705455 1.537296183783945 0.030906017282198255 0.9995222949468173 0.3
100.03208339342947 54.983622475164985 8.27442976705455 1.537296183783945 0.030906017282198255 0.9995222949468173 0.3
100.03208339342947 54.983622475164985 8.27442976705455 1.537296183783945 0.030906017282198255 0.9995222949468173 0.3
100.03208339342947 54.983622475164985 8.27442976705455 1.537296183783945 0.030906017282198255 0.9995222949468173 0.3
100.03208339342947 54.983622475164985 8.27442976705455 1.537296183783945 0.030906017282198255 0.9995222949468173 0.3
100.03208339342947 54.983622475164985 8.27442976705455 1.537296183783945 0.030906017282198255 0.9995222949468173 0.3
100.03208339342947 54.983622475164985 8.27442976705455 1.537296183783945 0.030906017282198255 0.9995222949468173 0.3
100.03208339342947 54.983622475164985 8.27442976705455 1.537296183783945 0.030906017282198255 0.9995222949468173 0.3
100.03208339342947 54.983622475164985 8.27442976705455 1.537296183783945 0.030906017282198255 0.9995222949468173 0.3
100.03208339342947 54.983622475164985 8.27442976705455 1.537296183783945 0.030906017282198255 0.9995222949468173 0.3
100.03208339342947 54.983622475164985 8.27442976705455 1.537296183783945 0.030906017282198255 0.9995222949468173 0.3
100.03208339342947 54.983622475164985 8.27442976705455 1.537296183783945 0.030906017282198255 0.9995222949468173 0.3
100.03208339342947 54.983622475164985 8.27442976705455 1.537296183783945 0.030906017282198255 0.9995222949468173 0.3
100.03208339342947 54.983622475164985 8.27442976705455 1.537296183783945 0.030906017282198255 0.9995222949468173 0.3
100.03208339342947 54.983622475164985 8.27442976705455 1.537296183783945 0.030906017282198255 0.9995222949468173 0.3
100.03208339342947 54.983622475164985 8.27442976705455 1.537296183783945 0.030906017282198255 0.9995222949468173 0.3
99.96262291924542 55.02074087637843 4.047018811331458 1.401148353367325 0.014697658809702856 0.9998919835789831 0.3
99.94793411876039 55.014318578985424 3.001492525852665 1.4151934694927104 0.029284889715547435 0.9995711056419889 0.3
99.99940838416408 55.006683792291554 2.631083926474769 1.4313095076078273 0.04589164764488331 0.9989464233263152 0.3
100.02714615323534 55.0110899116995 2.3618830350928444 1.2921990944051869 0.11942105132142404 0.9928436999353352 0.3
100.03139976061235 55.016610107223286 2.0812949411942383 1.347290090482001 0.15388275444434873 0.988089114343752 0.3
99.99840934718189 55.0135684349853 1.7049910316483832 1.4641654285225953 0.08227542781320812 0.9966096296836358 0.3
99.99840934718189 55.0135684349853 1.7049910316483832 1.4641654285225953 0.08227542781320812 0.9966096296836358 0.3
99.99840934718189 55.0135684349853 1.7049910316483832 1.4641654285225953 0.08227542781320812 0.9966096296836358 0.3
99.99840934718189 55.0135684349853 1.7049910316483832 1.4641654285225953 0.08227542781320812 0.9966096296836358 0.3
99.99840934718189 55.0135684349853 1.7049910316483832 1.4641654285225953 0.08227542781320812 0.9966096296836358 0.3
99.99840934718189 55.0135684349853 1.7049910316483832 1.4641654285225953 0.08227542781320812 0.9966096296836358 0.3
99.99840934718189 55.0135684349853 1.7049910316483832 1.4641654285225953 0.08227542781320812 0.9966096296836358 0.3
99.99840934718189 55.0135684349853 1.7049910316483832 1.4641654285225953 0.08227542781320812 0.9966096296836358 0.3
99.99840934718189 55.0135684349853 1.7049910316483832 1.4641654285225953 0.08227542781320812 0.9966096296836358 0.3
99.99840934718189 55.0135684349853 1.7049910316483832 1.4641654285225953 0.08227542781320812 0.9966096296836358 0.3
99.99840934718189 55.0135684349853 1.7049910316483832 1.4641654285225953 0.08227542781320812 0.9966096296836358 0.3
99.9669186029422 54.98710484630041 1.6928887495991425 1.2754006247348049 0.1362770675602543 0.9906707630980022 0.3
99.97427291380887 55.01115948315231 1.7636964055870517 1.1804730589378134 0.0050768965048977365 0.9999871124778952 0.3
100.00722545674857 54.984056137734285 1.947236697906545 1.314046015575436 0.10759361424322578 0.9941949578297408 0.3
99.98737149934159 55.001092476478824 1.7654790568047103 0.5100385508728299 0.002950271536202158 0.9999956479394612 0.3
100.02257907881344 55.00803624639639 1.8323291075252204 0.4962308977633758 0.024457713480661523 0.99970086538489 0.3
100.00117010273992 54.98856045289882 1.8722572709016687 0.48977340646497824 0.019084559235057946 0.9998178732143187 0.3
100.0308910389174 55.00450882471903 1.736040488344225 0.4960628342508938 0.021553093572097518 0.9997677050982755 0.3
99.97740231606227 54.99221321223825 1.8031161377356284 0.5039824292318362 0.007735643707893082 0.9999700794605929 0.3
99.97740231606227 54.99221321223825 1.8031161377356284 0.5039824292318362 0.007735643707893082 0.9999700794605929 0.3
99.97740231606227 54.99221321223825 1.8031161377356284 0.5039824292318362 0.007735643707893082 0.9999700794605929 0.3
99.97740231606227 54.99221321223825 1.8031161377356284 0.5039824292318362 0.007735643707893082 0.9999700794605929 0.3
99.97740231606227 54.99221321223825 1.8031161377356284 0.5039824292318362 0.007735643707893082 0.9999700794605929 0.3
99.97740231606227 54.99221321223825 1.8031161377356284 0.5039824292318362 0.007735643707893082 0.9999700794605929 0.3
99.97740231606227 54.99221321223825 1.8031161377356284 0.5039824292318362 0.007735643707893082 0.9999700794605929 0.3
99.97740231606227 54.99221321223825 1.8031161377356284 0.5039824292318362 0.007735643707893082 0.9999700794605929 0.3
99.97740231606227 54.99221321223825 1.8031161377356284 0.5039824292318362 0.007735643707893082 0.9999700794605929 0.3
99.97740231606227 54.99221321223825 1.8031161377356284 0.5039824292318362 0.007735643707893082 0.9999700794605929 0.3
99.97740231606227 54.99221321223825 1.8031161377356284 0.5039824292318362 0.007735643707893082 0.9999700794605929 0.3
99.97740231606227 54.99221321223825 1.8031161377356284 0.5039824292318362 0.007735643707893082 0.9999700794605929 0.3
99.97740231606227 54.99221321223825 1.8031161377356284 0.5039824292318362 0.007735643707893082 0.9999700794605929 0.3
99.97740231606227 54.99221321223825 1.8031161377356284 0.5039824292318362 0.007735643707893082 0.9999700794605929 0.3
99.97740231606227 54.99221321223825 1.8031161377356284 0.5039824292318362 0.007735643707893082 0.9999700794605929 0.3
99.97740231606227 54.99221321223825 1.8031161377356284 0.5039824292318362 0.007735643707893082 0.9999700794605929 0.3
99.97740231606227 54.99221321223825 1.8031161377356284 0.5039824292318362 0.007735643707893082 0.9999700794605929 0.3
99.97740231606227 54.99221321223825 1.8031161377356284 0.5039824292318362 0.007735643707893082 0.9999700794605929 0.3
99.97740231606227 54.99221321223825 1.8031161377356284 0.5039824292318362 0.007735643707893082 0.9999700794605929 0.3
99.97740231606227 54.99221321223825 1.8031161377356284 0.5039824292318362 0.007735643707893082 0.9999700794605929 0.3
99.97740231606227 54.99221321223825 1.8031161377356284 0.5039824292318362 0.007735643707893082 0.9999700794605929 0.3
99.97740231606227 54.99221321223825 1.8031161377356284 0.5039824292318362 0.007735643707893082 0.9999700794605929 0.3
99.97740231606227 54.99221321223825 1.8031161377356284 0.5039824292318362 0.007735643707893082 0.9999700794605929 0.3
99.97740231606227 54.99221321223825 1.8031161377356284 0.5039824292318362 0.007735643707893082 0.9999700794605929 0.3
99.97740231606227 54.99221321223825 1.8031161377356284 0.5039824292318362 0.007735643707893082 0.9999700794605929 0.3
99.97740231606227 54.99221321223825 1.8031161377356284 0.5039824292318362 0.007735643707893082 0.9999700794605929 0.3
99.97192488872336 55.001784543634486 1.840784976495079 0.5290722113174845 0.0003175861288835002 0.9999999495695241 0.3
99.98406797631618 54.989095824539454 1.567517330687299 0.48686118669193756 0.012712325935497025 0.9999191951199405 0.3
99.98297487676982 55.00374700977646 1.585042021584418 0.5025674636771627 0.03271886503996217 0.9994645946057803 0.3
99.97846480909979 55.00399001151083 1.5641453033088646 0.48268513653943856 0.02444850097851349 0.999701090726575 0.3
99.97846480909979 55.00399001151083 1.5641453033088646 0.48268513653943856 0.02444850097851349 0.999701090726575 0.3
99.97846480909979 55.00399001151083 1.5641453033088646 0.48268513653943856 0.02444850097851349 0.999701090726575 0.3
99.97846480909979 55.00399001151083 1.5641453033088646 0.48268513653943856 0.02444850097851349 0.999701090726575 0.3
99.97846480909979 55.00399001151083 1.5641453033088646 0.48268513653943856 0.02444850097851349 0.999701090726575 0.3
99.97846480909979 55.00399001151083 1.5641453033088646 0.48268513653943856 0.02444850097851349 0.999701090726575 0.3
99.97846480909979 55.00399001151083 1.5641453033088646 0.48268513653943856 0.02444850097851349 0.999701090726575 0.3
99.97846480909979 55.00399001151083 1.5641453033088646 0.48268513653943856 0.02444850097851349 0.999701090726575 0.3
99.97846480909979 55.00399001151083 1.5641453033088646 0.48268513653943856 0.02444850097851349 0.999701090726575 0.3
99.97846480909979 55.00399001151083 1.5641453033088646 0.48268513653943856 0.02444850097851349 0.999701090726575 0.3
99.97846480909979 55.00399001151083 1.5641453033088646 0.48268513653943856 0.02444850097851349 0.999701090726575 0.3
99.97846480909979 55.00399001151083 1.5641453033088646 0.48268513653943856 0.02444850097851349 0.999701090726575 0.3
99.97846480909979 55.00399001151083 1.5641453033088646 0.48268513653943856 0.02444850097851349 0.999701090726575 0.3
99.97846480909979 55.00399001151083 1.5641453033088646 0.48268513653943856 0.02444850097851349 0.999701090726575 0.3
99.97846480909979 55.00399001151083 1.5641453033088646 0.48268513653943856 0.02444850097851349 0.999701090726575 0.3
99.97846480909979 55.00399001151083 1.5641453033088646 0.48268513653943856 0.02444850097851349 0.999701090726575 0.3
99.97846480909979 55.00399001151083 1.5641453033088646 0.48268513653943856 0.02444850097851349 0.999701090726575 0.3
99.97846480909979 55.00399001151083 1.5641453033088646 0.48268513653943856 0.02444850097851349 0.999701090726575 0.3
99.97846480909979 55.00399001151083 1.5641453033088646 0.48268513653943856 0.02444850097851349 0.999701090726575 0.3
99.97846480909979 55.00399001151083 1.5641453033088646 0.48268513653943856 0.02444850097851349 0.999701090726575 0.3
99.97846480909979 55.00399001151083 1.5641453033088646 0.48268513653943856 0.02444850097851349 0.999701090726575 0.3
99.97846480909979 55.00399001151083 1.5641453033088646 0.48268513653943856 0.02444850097851349 0.999701090726575 0.3
99.97846480909979 55.00399001151083 1.5641453033088646 0.48268513653943856 0.02444850097851349 0.999701090726575 0.3
99.97846480909979 55.00399001151083 1.5641453033088646 0.48268513653943856 0.02444850097851349 0.999701090726575 0.3
99.97846480909979 55.00399001151083 1.5641453033088646 0.48268513653943856 0.02444850097851349 0.999701090726575 0.3
99.97846480909979 55.00399001151083 1.5641453033088646 0.48268513653943856 0.02444850097851349 0.999701090726575 0.3
99.97846480909979 55.00399001151083 1.5641453033088646 0.48268513653943856 0.02444850097851349 0.999701090726575 0.3
99.97846480909979 55.00399001151083 1.5641453033088646 0.48268513653943856 0.02444850097851349 0.999701090726575 0.3
99.97846480909979 55.00399001151083 1.5641453033088646 0.48268513653943856 0.02444850097851349 0.999701090726575 0.3
99.97846480909979 55.00399001151083 1.5641453033088646 0.48268513653943856 0.02444850097851349 0.999701090726575 0.3
99.97846480909979 55.00399001151083 1.5641453033088646 0.48268513653943856 0.02444850097851349 0.999701090726575 0.3
99.97846480909979 55.00399001151083 1.5641453033088646 0.48268513653943856 0.02444850097851349 0.999701090726575 0.3
99.97846480909979 55.00399001151083 1.5641453033088646 0.48268513653943856 0.02444850097851349 0.999701090726575 0.3
