128.97302878470109 47.992660592354916 8.368160955289195 9.12280277875601 0.9455315335215675 0.3255305194852748 5
128.97302878470109 47.992660592354916 8.368160955289195 9.12280277875601 0.9455315335215675 0.3255305194852748 0.3
128.97302878470109 47.992660592354916 8.368160955289195 9.12280277875601 0.9455315335215675 0.3255305194852748 0.3
128.97302878470109 47.992660592354916 8.368160955289195 9.12280277875601 0.9455315335215675 0.3255305194852748 0.3
128.97302878470109 47.992660592354916 8.368160955289195 9.12280277875601 0.9455315335215675 0.3255305194852748 0.3
128.97302878470109 47.992660592354916 8.368160955289195 9.12280277875601 0.9455315335215675 0.3255305194852748 0.3
128.97302878470109 47.992660592354916 8.368160955289195 9.12280277875601 0.9455315335215675 0.3255305194852748 0.3
128.97302878470109 47.992660592354916 8.368160955289195 9.12280277875601 0.9455315335215675 0.3255305194852748 0.3
128.97302878470109 47.992660592354916 8.368160955289195 9.12280277875601 0.9455315335215675 0.3255305194852748 0.3
128.97302878470109 47.992660592354916 8.368160955289195 9.12280277875601 0.9455315335215675 0.3255305194852748 0.3
128.97302878470109 47.992660592354916 8.368160955289195 9.12280277875601 0.9455315335215675 0.3255305194852748 0.3
128.97302878470109 47.992660592354916 8.368160955289195 9.12280277875601 0.9455315335215675 0.3255305194852748 0.3
128.97302878470109 47.992660592354916 8.368160955289195 9.12280277875601 0.9455315335215675 0.3255305194852748 0.3
128.97302878470109 47.992660592354916 8.368160955289195 9.12280277875601 0.9455315335215675 0.3255305194852748 0.3
128.97302878470109 47.992660592354916 8.368160955289195 9.12280277875601 0.9455315335215675 0.3255305194852748 0.3
128.97302878470109 47.992660592354916 8.368160955289195 9.12280277875601 0.9455315335215675 0.3255305194852748 0.3
128.97302878470109 47.992660592354916 8.368160955289195 9.12280277875601 0.9455315335215675 0.3255305194852748 0.3
128.97302878470109 47.992660592354916 8.368160955289195 9.12280277875601 0.9455315335215675 0.3255305194852748 0.3
128.97302878470109 47.992660592354916 8.368160955289195 9.12280277875601 0.9455315335215675 0.3255305194852748 0.3
128.97302878470109 47.992660592354916 8.368160955289195 9.12280277875601 0.9455315335215675 0.3255305194852748 0.3
128.97302878470109 47.992660592354916 8.368160955289195 9.12280277875601 0.9455315335215675 0.3255305194852748 0.3
128.97302878470109 47.992660592354916 8.368160955289195 9.12280277875601 0.9455315335215675 0.3255305194852748 0.3
128.97302878470109 47.992660592354916 8.368160955289195 9.12280277875601 0.9455315335215675 0.3255305194852748 0.3
128.97302878470109 47.992660592354916 8.368160955289195 9.12280277875601 0.9455315335215675 0.3255305194852748 0.3
128.97302878470109 47.992660592354916 8.368160955289195 9.12280277875601 0.9455315335215675 0.3255305194852748 0.3
128.97302878470109 47.992660592354916 8.368160955289195 9.12280277875601 0.9455315335215675 0.3255305194852748 0.3
128.97302878470109 47.992660592354916 8.368160955289195 9.12280277875601 0.9455315335215675 0.3255305194852748 0.3
128.97302878470109 47.992660592354916 8.368160955289195 9.12280277875601 0.9455315335215675 0.3255305194852748 0.3
128.97302878470109 47.992660592354916 8.368160955289195 9.12280277875601 0.9455315335215675 0.3255305194852748 0.3
128.97302878470109 47.992660592354916 8.368160955289195 9.12280277875601 0.9455315335215675 0.3255305194852748 0.3
128.97302878470109 47.992660592354916 8.368160955289195 9.12280277875601 0.9455315335215675 0.3255305194852748 0.3
128.97302878470109 47.992660592354916 8.368160955289195 9.12280277875601 0.9455315335215675 0.3255305194852748 0.3
128.97302878470109 47.992660592354916 8.368160955289195 9.12280277875601 0.9455315335215675 0.3255305194852748 0.3
128.97302878470109 47.992660592354916 8.368160955289195 9.12280277875601 0.9455315335215675 0.3255305194852748 0.3
128.97302878470109 47.992660592354916 8.368160955289195 9.12280277875601 0.9455315335215675 0.3255305194852748 0.3
128.97302878470109 47.992660592354916 8.368160955289195 9.12280277875601 0.9455315335215675 0.3255305194852748 0.3
128.97302878470109 47.992660592354916 8.368160955289195 9.12280277875601 0.9455315335215675 0.3255305194852748 0.3
128.97302878470109 47.992660592354916 8.368160955289195 9.12280277875601 0.9455315335215675 0.3255305194852748 0.3
128.97302878470109 47.992660592354916 8.368160955289195 9.12280277875601 0.9455315335215675 0.3255305194852748 0.3
128.97302878470109 47.992660592354916 8.368160955289195 9.12280277875601 0.9455315335215675 0.3255305194852748 0.3
128.97302878470109 47.992660592354916 8.368160955289195 9.12280277875601 0.9455315335215675 0.3255305194852748 0.3
128.97302878470109 47.992660592354916 8.368160955289195 9.12280277875601 0.9455315335215675 0.3255305194852748 0.3
128.97302878470109 47.992660592354916 8.368160955289195 9.12280277875601 0.9455315335215675 0.3255305194852748 0.3
128.97302878470109 47.992660592354916 8.368160955289195 9.12280277875601 0.9455315335215675 0.3255305194852748 0.3
128.97302878470109 47.992660592354916 8.368160955289195 9.12280277875601 0.9455315335215675 0.3255305194852748 0.3
128.97302878470109 47.992660592354916 8.368160955289195 9.12280277875601 0.9455315335215675 0.3255305194852748 0.3
128.97302878470109 47.992660592354916 8.368160955289195 9.12280277875601 0.9455315335215675 0.3255305194852748 0.3
128.97302878470109 47.992660592354916 8.368160955289195 9.12280277875601 0.9455315335215675 0.3255305194852748 0.3
128.97302878470109 47.992660592354916 8.368160955289195 9.12280277875601 0.9455315335215675 0.3255305194852748 0.3
128.97302878470109 47.992660592354916 8.368160955289195 9.12280277875601 0.9455315335215675 0.3255305194852748 0.3
128.97302878470109 47.992660592354916 8.368160955289195 9.12280277875601 0.9455315335215675 0.3255305194852748 0.3
128.97302878470109 47.992660592354916 8.368160955289195 9.12280277875601 0.9455315335215675 0.3255305194852748 0.3
128.97302878470109 47.992660592354916 8.368160955289195 9.12280277875601 0.9455315335215675 0.3255305194852748 0.3
128.97302878470109 47.992660592354916 8.368160955289195 9.12280277875601 0.9455315335215675 0.3255305194852748 0.3
128.97302878470109 47.992660592354916 8.368160955289195 9.12280277875601 0.9455315335215675 0.3255305194852748 0.3
128.97302878470109 47.992660592354916 8.368160955289195 9.12280277875601 0.9455315335215675 0.3255305194852748 0.3
128.97302878470109 47.992660592354916 8.368160955289195 9.12280277875601 0.9455315335215675 0.3255305194852748 0.3
128.97302878470109 47.992660592354916 8.368160955289195 9.12280277875601 0.9455315335215675 0.3255305194852748 0.3
128.97302878470109 47.992660592354916 8.368160955289195 9.12280277875601 0.9455315335215675 0.3255305194852748 0.3
128.97302878470109 47.992660592354916 8.368160955289195 9.12280277875601 0.9455315335215675 0.3255305194852748 0.3
128.97302878470109 47.992660592354916 8.368160955289195 9.12280277875601 0.9455315335215675 0.3255305194852748 0.3
128.97302878470109 47.992660592354916 8.368160955289195 9.12280277875601 0.9455315335215675 0.3255305194852748 0.3
128.97302878470109 47.992660592354916 8.368160955289195 9.12280277875601 0.9455315335215675 0.3255305194852748 0.3
128.97302878470109 47.992660592354916 8.368160955289195 9.12280277875601 0.9455315335215675 0.3255305194852748 0.3
128.97302878470109 47.992660592354916 8.368160955289195 9.12280277875601 0.9455315335215675 0.3255305194852748 0.3
128.97302878470109 47.992660592354916 8.368160955289195 9.12280277875601 0.9455315335215675 0.3255305194852748 0.3
128.97302878470109 47.992660592354916 8.368160955289195 9.12280277875601 0.9455315335215675 0.3255305194852748 0.3
128.97302878470109 47.992660592354916 8.368160955289195 9.12280277875601 0.9455315335215675 0.3255305194852748 0.3
128.97302878470109 47.992660592354916 8.368160955289195 9.12280277875601 0.9455315335215675 0.3255305194852748 0.3
128.97302878470109 47.992660592354916 8.368160955289195 9.12280277875601 0.9455315335215675 0.3255305194852748 0.3
128.97302878470109 47.992660592354916 8.368160955289195 9.12280277875601 0.9455315335215675 0.3255305194852748 0.3
128.97302878470109 47.992660592354916 8.368160955289195 9.12280277875601 0.9455315335215675 0.3255305194852748 0.3
128.97302878470109 47.992660592354916 8.368160955289195 9.12280277875601 0.9455315335215675 0.3255305194852748 0.3
128.97302878470109 47.992660592354916 8.368160955289195 9.12280277875601 0.9455315335215675 0.3255305194852748 0.3
128.97302878470109 47.992660592354916 8.368160955289195 9.12280277875601 0.9455315335215675 0.3255305194852748 0.3
128.97302878470109 47.992660592354916 8.368160955289195 9.12280277875601 0.9455315335215675 0.3255305194852748 0.3
128.97302878470109 47.992660592354916 8.368160955289195 9.12280277875601 0.9455315335215675 0.3255305194852748 0.3
128.97302878470109 47.992660592354916 8.368160955289195 9.12280277875601 0.9455315335215675 0.3255305194852748 0.3
128.97302878470109 47.992660592354916 8.368160955289195 9.12280277875601 0.9455315335215675 0.3255305194852748 0.3
128.97302878470109 47.992660592354916 8.368160955289195 9.12280277875601 0.9455315335215675 0.3255305194852748 0.3
128.97302878470109 47.992660592354916 8.368160955289195 9.12280277875601 0.9455315335215675 0.3255305194852748 0.3
128.97302878470109 47.992660592354916 8.368160955289195 9.12280277875601 0.9455315335215675 0.3255305194852748 0.3
128.97302878470109 47.992660592354916 8.368160955289195 9.12280277875601 0.9455315335215675 0.3255305194852748 0.3
128.97302878470109 47.992660592354916 8.368160955289195 9.12280277875601 0.9455315335215675 0.3255305194852748 0.3
128.97302878470109 47.992660592354916 8.368160955289195 9.12280277875601 0.9455315335215675 0.3255305194852748 0.3
128.97302878470109 47.992660592354916 8.368160955289195 9.12280277875601 0.9455315335215675 0.3255305194852748 0.3
128.97302878470109 47.992660592354916 8.368160955289195 9.12280277875601 0.9455315335215675 0.3255305194852748 0.3
128.97302878470109 47.992660592354916 8.368160955289195 9.12280277875601 0.9455315335215675 0.3255305194852748 0.3
128.97302878470109 47.992660592354916 8.368160955289195 9.12280277875601 0.9455315335215675 0.3255305194852748 0.3
128.97302878470109 47.992660592354916 8.368160955289195 9.12280277875601 0.9455315335215675 0.3255305194852748 0.3
128.97302878470109 47.992660592354916 8.368160955289195 9.12280277875601 0.9455315335215675 0.3255305194852748 0.3
128.97302878470109 47.992660592354916 8.368160955289195 9.12280277875601 0.9455315335215675 0.3255305194852748 0.3
128.97302878470109 47.992660592354916 8.368160955289195 9.12280277875601 0.9455315335215675 0.3255305194852748 0.3
128.97302878470109 47.992660592354916 8.368160955289195 9.12280277875601 0.9455315335215675 0.3255305194852748 0.3
128.97302878470109 47.992660592354916 8.368160955289195 9.12280277875601 0.9455315335215675 0.3255305194852748 0.3
128.97302878470109 47.992660592354916 8.368160955289195 9.12280277875601 0.9455315335215675 0.3255305194852748 0.3
128.97302878470109 47.992660592354916 8.368160955289195 9.12280277875601 0.9455315335215675 0.3255305194852748 0.3
128.97302878470109 47.992660592354916 8.368160955289195 9.12280277875601 0.9455315335215675 0.3255305194852748 0.3
128.97302878470109 47.992660592354916 8.368160955289195 9.12280277875601 0.9455315335215675 0.3255305194852748 0.3
128.97302878470109 47.992660592354916 8.368160955289195 9.12280277875601 0.9455315335215675 0.3255305194852748 0.3
128.97302878470109 47.992660592354916 8.368160955289195 9.12280277875601 0.9455315335215675 0.3255305194852748 0.3
128.97302878470109 47.992660592354916 8.368160955289195 9.12280277875601 0.9455315335215675 0.3255305194852748 0.3
128.97302878470109 47.992660592354916 8.368160955289195 9.12280277875601 0.9455315335215675 0.3255305194852748 0.3
128.97302878470109 47.992660592354916 8.368160955289195 9.12280277875601 0.9455315335215675 0.3255305194852748 0.3
128.97302878470109 47.992660592354916 8.368160955289195 9.12280277875601 0.9455315335215675 0.3255305194852748 0.3
128.97302878470109 47.992660592354916 8.368160955289195 9.12280277875601 0.9455315335215675 0.3255305194852748 0.3
128.97302878470109 47.992660592354916 8.368160955289195 9.12280277875601 0.9455315335215675 0.3255305194852748 0.3
128.97302878470109 47.992660592354916 8.368160955289195 9.12280277875601 0.9455315335215675 0.3255305194852748 0.3
128.97302878470109 47.992660592354916 8.368160955289195 9.12280277875601 0.9455315335215675 0.3255305194852748 0.3
128.97302878470109 47.992660592354916 8.368160955289195 9.12280277875601 0.9455315335215675 0.3255305194852748 0.3
128.97302878470109 47.992660592354916 8.368160955289195 9.12280277875601 0.9455315335215675 0.3255305194852748 0.3
128.97302878470109 47.992660592354916 8.368160955289195 9.12280277875601 0.9455315335215675 0.3255305194852748 0.3
128.97302878470109 47.992660592354916 8.368160955289195 9.12280277875601 0.9455315335215675 0.3255305194852748 0.3
128.97302878470109 47.992660592354916 8.368160955289195 9.12280277875601 0.9455315335215675 0.3255305194852748 0.3
128.97302878470109 47.992660592354916 8.368160955289195 9.12280277875601 0.9455315335215675 0.3255305194852748 0.3
128.97302878470109 47.992660592354916 8.368160955289195 9.12280277875601 0.9455315335215675 0.3255305194852748 0.3
128.97302878470109 47.992660592354916 8.368160955289195 9.12280277875601 0.9455315335215675 0.3255305194852748 0.3
128.97302878470109 47.992660592354916 8.368160955289195 9.12280277875601 0.9455315335215675 0.3255305194852748 0.3
128.97302878470109 47.992660592354916 8.368160955289195 9.12280277875601 0.9455315335215675 0.3255305194852748 0.3
128.97302878470109 47.992660592354916 8.368160955289195 9.12280277875601 0.9455315335215675 0.3255305194852748 0.3
128.97302878470109 47.992660592354916 8.368160955289195 9.12280277875601 0.9455315335215675 0.3255305194852748 0.3
128.97302878470109 47.992660592354916 8.368160955289195 9.12280277875601 0.9455315335215675 0.3255305194852748 0.3
128.97302878470109 47.992660592354916 8.368160955289195 9.12280277875601 0.9455315335215675 0.3255305194852748 0.3
128.97302878470109 47.992660592354916 8.368160955289195 9.12280277875601 0.9455315335215675 0.3255305194852748 0.3
128.97302878470109 47.992660592354916 8.368160955289195 9.12280277875601 0.9455315335215675 0.3255305194852748 0.3
128.97302878470109 47.992660592354916 8.368160955289195 9.12280277875601 0.9455315335215675 0.3255305194852748 0.3
128.97302878470109 47.992660592354916 8.368160955289195 9.12280277875601 0.9455315335215675 0.3255305194852748 0.3
128.97302878470109 47.992660592354916 8.368160955289195 9.12280277875601 0.9455315335215675 0.3255305194852748 0.3
128.97302878470109 47.992660592354916 8.368160955289195 9.12280277875601 0.9455315335215675 0.3255305194852748 0.3
128.97302878470109 47.992660592354916 8.368160955289195 9.12280277875601 0.9455315335215675 0.3255305194852748 0.3
128.97302878470109 47.992660592354916 8.368160955289195 9.12280277875601 0.9455315335215675 0.3255305194852748 0.3
128.97302878470109 47.992660592354916 8.368160955289195 9.12280277875601 0.9455315335215675 0.3255305194852748 0.3
128.97302878470109 47.992660592354916 8.368160955289195 9.12280277875601 0.9455315335215675 0.3255305194852748 0.3
128.97302878470109 47.992660592354916 8.368160955289195 9.12280277875601 0.9455315335215675 0.3255305194852748 0.3
128.97302878470109 47.992660592354916 8.368160955289195 9.12280277875601 0.9455315335215675 0.3255305194852748 0.3
128.97302878470109 47.992660592354916 8.368160955289195 9.12280277875601 0.9455315335215675 0.3255305194852748 0.3
128.97302878470109 47.992660592354916 8.368160955289195 9.12280277875601 0.9455315335215675 0.3255305194852748 0.3
128.97302878470109 47.992660592354916 8.368160955289195 9.12280277875601 0.9455315335215675 0.3255305194852748 0.3
128.97302878470109 47.992660592354916 8.368160955289195 9.12280277875601 0.9455315335215675 0.3255305194852748 0.3
128.97302878470109 47.992660592354916 8.368160955289195 9.12280277875601 0.9455315335215675 0.3255305194852748 0.3
128.97302878470109 47.992660592354916 8.368160955289195 9.12280277875601 0.9455315335215675 0.3255305194852748 0.3
128.97302878470109 47.992660592354916 8.368160955289195 9.12280277875601 0.9455315335215675 0.3255305194852748 0.3
128.97302878470109 47.992660592354916 8.368160955289195 9.12280277875601 0.9455315335215675 0.3255305194852748 0.3
128.97302878470109 47.992660592354916 8.368160955289195 9.12280277875601 0.9455315335215675 0.3255305194852748 0.3
128.97302878470109 47.992660592354916 8.368160955289195 9.12280277875601 0.9455315335215675 0.3255305194852748 0.3
128.97302878470109 47.992660592354916 8.368160955289195 9.12280277875601 0.9455315335215675 0.3255305194852748 0.3
128.97302878470109 47.992660592354916 8.368160955289195 9.12280277875601 0.9455315335215675 0.3255305194852748 0.3
128.97302878470109 47.992660592354916 8.368160955289195 9.12280277875601 0.9455315335215675 0.3255305194852748 0.3
128.97302878470109 47.992660592354916 8.368160955289195 9.12280277875601 0.9455315335215675 0.3255305194852748 0.3
128.97302878470109 47.992660592354916 8.368160955289195 9.12280277875601 0.9455315335215675 0.3255305194852748 0.3
128.97302878470109 47.992660592354916 8.368160955289195 9.12280277875601 0.9455315335215675 0.3255305194852748 0.3
128.97302878470109 47.992660592354916 8.368160955289195 9.12280277875601 0.9455315335215675 0.3255305194852748 0.3
128.97302878470109 47.992660592354916 8.368160955289195 9.12280277875601 0.9455315335215675 0.3255305194852748 0.3
128.97302878470109 47.992660592354916 8.368160955289195 9.12280277875601 0.9455315335215675 0.3255305194852748 0.3
128.97302878470109 47.992660592354916 8.368160955289195 9.12280277875601 0.9455315335215675 0.3255305194852748 0.3
128.97302878470109 47.992660592354916 8.368160955289195 9.12280277875601 0.9455315335215675 0.3255305194852748 0.3
128.97302878470109 47.992660592354916 8.368160955289195 9.12280277875601 0.9455315335215675 0.3255305194852748 0.3
128.97302878470109 47.992660592354916 8.368160955289195 9.12280277875601 0.9455315335215675 0.3255305194852748 0.3
128.97302878470109 47.992660592354916 8.368160955289195 9.12280277875601 0.9455315335215675 0.3255305194852748 0.3
128.97302878470109 47.992660592354916 8.368160955289195 9.12280277875601 0.9455315335215675 0.3255305194852748 0.3
128.97302878470109 47.992660592354916 8.368160955289195 9.12280277875601 0.9455315335215675 0.3255305194852748 0.3
128.92246121617728 48.02180891749871 7.9740058092716275 3.826778036848903 0.17065875316627288 0.9853301933705945 0.3
129.02319462399606 47.985557415599814 8.687131990528 2.827025651005161 0.20604865696078642 0.9785417471751812 0.3
128.98909223428578 47.98686549222673 8.97335748848443 2.2705645973154946 0.18994481944937242 0.9817947675376689 0.3
129.07559689776 47.95547426470488 8.752297801169162 2.008965841951112 0.19560962242566712 0.9806818421967891 0.3
129.0750262621083 47.9893453640564 8.372596061327423 1.8962082676813208 0.1797589725319119 0.983710685005643 0.3
128.88569383283163 48.04692597105298 6.314710703515001 1.6442986253559708 0.15644096650874048 0.9876873108417518 0.3
128.98492953807434 47.99289803765269 5.717291360779064 1.5112736171489762 0.13100807440495904 0.9913813012361614 0.3
128.98492953807434 47.99289803765269 5.717291360779064 1.5112736171489762 0.13100807440495904 0.9913813012361614 0.3
128.98492953807434 47.99289803765269 5.717291360779064 1.5112736171489762 0.13100807440495904 0.9913813012361614 0.3
128.98492953807434 47.99289803765269 5.717291360779064 1.5112736171489762 0.13100807440495904 0.9913813012361614 0.3
128.98492953807434 47.99289803765269 5.717291360779064 1.5112736171489762 0.13100807440495904 0.9913813012361614 0.3
128.98492953807434 47.99289803765269 5.717291360779064 1.5112736171489762 0.13100807440495904 0.9913813012361614 0.3
128.98492953807434 47.99289803765269 5.717291360779064 1.5112736171489762 0.13100807440495904 0.9913813012361614 0.3
128.98492953807434 47.99289803765269 5.717291360779064 1.5112736171489762 0.13100807440495904 0.9913813012361614 0.3
128.98492953807434 47.99289803765269 5.717291360779064 1.5112736171489762 0.13100807440495904 0.9913813012361614 0.3
128.98492953807434 47.99289803765269 5.717291360779064 1.5112736171489762 0.13100807440495904 0.9913813012361614 0.3
128.98492953807434 47.99289803765269 5.717291360779064 1.5112736171489762 0.13100807440495904 0.9913813012361614 0.3
128.98492953807434 47.99289803765269 5.717291360779064 1.5112736171489762 0.13100807440495904 0.9913813012361614 0.3
128.98492953807434 47.99289803765269 5.717291360779064 1.5112736171489762 0.13100807440495904 0.9913813012361614 0.3
128.98492953807434 47.99289803765269 5.717291360779064 1.5112736171489762 0.13100807440495904 0.9913813012361614 0.3
128.98492953807434 47.99289803765269 5.717291360779064 1.5112736171489762 0.13100807440495904 0.9913813012361614 0.3
128.98492953807434 47.99289803765269 5.717291360779064 1.5112736171489762 0.13100807440495904 0.9913813012361614 0.3
128.98492953807434 47.99289803765269 5.717291360779064 1.5112736171489762 0.13100807440495904 0.9913813012361614 0.3
128.98492953807434 47.99289803765269 5.717291360779064 1.5112736171489762 0.13100807440495904 0.9913813012361614 0.3
128.98492953807434 47.99289803765269 5.717291360779064 1.5112736171489762 0.13100807440495904 0.9913813012361614 0.3
128.98492953807434 47.99289803765269 5.717291360779064 1.5112736171489762 0.13100807440495904 0.9913813012361614 0.3
