74.98138156797023 47.07937986491689 10.937085277653205 11.575340271103542 0.9724226473990499 0.23322563072146046 5
74.98138156797023 47.07937986491689 10.937085277653205 11.575340271103542 0.9724226473990499 0.23322563072146046 0.3
74.98138156797023 47.07937986491689 10.937085277653205 11.575340271103542 0.9724226473990499 0.23322563072146046 0.3
74.98138156797023 47.07937986491689 10.937085277653205 11.575340271103542 0.9724226473990499 0.23322563072146046 0.3
74.98138156797023 47.07937986491689 10.937085277653205 11.575340271103542 0.9724226473990499 0.23322563072146046 0.3
74.98138156797023 47.07937986491689 10.937085277653205 11.575340271103542 0.9724226473990499 0.23322563072146046 0.3
74.98138156797023 47.07937986491689 10.937085277653205 11.575340271103542 0.9724226473990499 0.23322563072146046 0.3
74.98138156797023 47.07937986491689 10.937085277653205 11.575340271103542 0.9724226473990499 0.23322563072146046 0.3
74.98138156797023 47.07937986491689 10.937085277653205 11.575340271103542 0.9724226473990499 0.23322563072146046 0.3
74.98138156797023 47.07937986491689 10.937085277653205 11.575340271103542 0.9724226473990499 0.23322563072146046 0.3
74.98138156797023 47.07937986491689 10.937085277653205 11.575340271103542 0.9724226473990499 0.23322563072146046 0.3
74.98138156797023 47.07937986491689 10.937085277653205 11.575340271103542 0.9724226473990499 0.23322563072146046 0.3
74.98138156797023 47.07937986491689 10.937085277653205 11.575340271103542 0.9724226473990499 0.23322563072146046 0.3
74.98138156797023 47.07937986491689 10.937085277653205 11.575340271103542 0.9724226473990499 0.23322563072146046 0.3
74.98138156797023 47.07937986491689 10.937085277653205 11.575340271103542 0.9724226473990499 0.23322563072146046 0.3
74.98138156797023 47.07937986491689 10.937085277653205 11.575340271103542 0.9724226473990499 0.23322563072146046 0.3
74.98138156797023 47.07937986491689 10.937085277653205 11.575340271103542 0.9724226473990499 0.23322563072146046 0.3
74.98138156797023 47.07937986491689 10.937085277653205 11.575340271103542 0.9724226473990499 0.23322563072146046 0.3
74.98138156797023 47.07937986491689 10.937085277653205 11.575340271103542 0.9724226473990499 0.23322563072146046 0.3
74.98138156797023 47.07937986491689 10.937085277653205 11.575340271103542 0.9724226473990499 0.23322563072146046 0.3
74.98138156797023 47.07937986491689 10.937085277653205 11.575340271103542 0.9724226473990499 0.23322563072146046 0.3
74.98138156797023 47.07937986491689 10.937085277653205 11.575340271103542 0.9724226473990499 0.23322563072146046 0.3
74.98138156797023 47.07937986491689 10.937085277653205 11.575340271103542 0.9724226473990499 0.23322563072146046 0.3
74.99487575932966 46.9767182346047 11.892938893631749 3.665161587739621 0.3606064309039861 0.9327180720832468 0.3
74.90639325803147 47.10675968132907 9.659046841967617 2.8319510116445192 0.2942680690490525 0.9557229219486901 0.3
75.03536520225393 46.918851984062215 10.49906911261719 2.3531473486805408 0.26777381634615277 0.9634818022564914 0.3
75.03237511422938 46.96400791981676 9.791483594066593 2.0796741239456753 0.2837003114963728 0.9589129956658534 0.3
75.09390673951435 46.91810639632329 9.348178983737654 1.9200313194348224 0.26507137893245386 0.9642287923884286 0.3
75.05485083080386 46.98400490527334 9.616312479202 1.6521312042987375 0.25018100742769883 0.9681990825870791 0.3
75.05344358416218 46.92000298751222 9.395916159564672 1.530789755609993 0.2607492004673803 0.9654065746904886 0.3
75.04588867638822 46.98879335432406 9.933726181442035 1.5528654621646814 0.245724481681457 0.9693397129502016 0.3
75.04588867638822 46.98879335432406 9.933726181442035 1.5528654621646814 0.245724481681457 0.9693397129502016 0.3
75.04588867638822 46.98879335432406 9.933726181442035 1.5528654621646814 0.245724481681457 0.9693397129502016 0.3
75.04588867638822 46.98879335432406 9.933726181442035 1.5528654621646814 0.245724481681457 0.9693397129502016 0.3
75.04588867638822 46.98879335432406 9.933726181442035 1.5528654621646814 0.245724481681457 0.9693397129502016 0.3
75.04588867638822 46.98879335432406 9.933726181442035 1.5528654621646814 0.245724481681457 0.9693397129502016 0.3
75.04588867638822 46.98879335432406 9.933726181442035 1.5528654621646814 0.245724481681457 0.9693397129502016 0.3
75.04588867638822 46.98879335432406 9.933726181442035 1.5528654621646814 0.245724481681457 0.9693397129502016 0.3
75.04588867638822 46.98879335432406 9.933726181442035 1.5528654621646814 0.245724481681457 0.9693397129502016 0.3
75.04588867638822 46.98879335432406 9.933726181442035 1.5528654621646814 0.245724481681457 0.9693397129502016 0.3
75.04588867638822 46.98879335432406 9.933726181442035 1.5528654621646814 0.245724481681457 0.9693397129502016 0.3
75.04588867638822 46.98879335432406 9.933726181442035 1.5528654621646814 0.245724481681457 0.9693397129502016 0.3
75.04588867638822 46.98879335432406 9.933726181442035 1.5528654621646814 0.245724481681457 0.9693397129502016 0.3
75.04588867638822 46.98879335432406 9.933726181442035 1.5528654621646814 0.245724481681457 0.9693397129502016 0.3
75.04588867638822 46.98879335432406 9.933726181442035 1.5528654621646814 0.245724481681457 0.9693397129502016 0.3
75.04588867638822 46.98879335432406 9.933726181442035 1.5528654621646814 0.245724481681457 0.9693397129502016 0.3
75.04588867638822 46.98879335432406 9.933726181442035 1.5528654621646814 0.245724481681457 0.9693397129502016 0.3
75.04588867638822 46.98879335432406 9.933726181442035 1.5528654621646814 0.245724481681457 0.9693397129502016 0.3
75.04588867638822 46.98879335432406 9.933726181442035 1.5528654621646814 0.245724481681457 0.9693397129502016 0.3
75.04588867638822 46.98879335432406 9.933726181442035 1.5528654621646814 0.245724481681457 0.9693397129502016 0.3
75.04588867638822 46.98879335432406 9.933726181442035 1.5528654621646814 0.245724481681457 0.9693397129502016 0.3
75.04588867638822 46.98879335432406 9.933726181442035 1.5528654621646814 0.245724481681457 0.9693397129502016 0.3
75.04588867638822 46.98879335432406 9.933726181442035 1.5528654621646814 0.245724481681457 0.9693397129502016 0.3
75.04588867638822 46.98879335432406 9.933726181442035 1.5528654621646814 0.245724481681457 0.9693397129502016 0.3
75.04588867638822 46.98879335432406 9.933726181442035 1.5528654621646814 0.245724481681457 0.9693397129502016 0.3
75.04588867638822 46.98879335432406 9.933726181442035 1.5528654621646814 0.245724481681457 0.9693397129502016 0.3
75.04588867638822 46.98879335432406 9.933726181442035 1.5528654621646814 0.245724481681457 0.9693397129502016 0.3
75.04588867638822 46.98879335432406 9.933726181442035 1.5528654621646814 0.245724481681457 0.9693397129502016 0.3
75.04588867638822 46.98879335432406 9.933726181442035 1.5528654621646814 0.245724481681457 0.9693397129502016 0.3
75.04588867638822 46.98879335432406 9.933726181442035 1.5528654621646814 0.245724481681457 0.9693397129502016 0.3
75.04588867638822 46.98879335432406 9.933726181442035 1.5528654621646814 0.245724481681457 0.9693397129502016 0.3
75.04588867638822 46.98879335432406 9.933726181442035 1.5528654621646814 0.245724481681457 0.9693397129502016 0.3
75.04588867638822 46.98879335432406 9.933726181442035 1.5528654621646814 0.245724481681457 0.9693397129502016 0.3
75.04588867638822 46.98879335432406 9.933726181442035 1.5528654621646814 0.245724481681457 0.9693397129502016 0.3
75.04588867638822 46.98879335432406 9.933726181442035 1.5528654621646814 0.245724481681457 0.9693397129502016 0.3
75.04588867638822 46.98879335432406 9.933726181442035 1.5528654621646814 0.245724481681457 0.9693397129502016 0.3
75.04588867638822 46.98879335432406 9.933726181442035 1.5528654621646814 0.245724481681457 0.9693397129502016 0.3
75.04588867638822 46.98879335432406 9.933726181442035 1.5528654621646814 0.245724481681457 0.9693397129502016 0.3
75.04588867638822 46.98879335432406 9.933726181442035 1.5528654621646814 0.245724481681457 0.9693397129502016 0.3
75.04588867638822 46.98879335432406 9.933726181442035 1.5528654621646814 0.245724481681457 0.9693397129502016 0.3
75.04588867638822 46.98879335432406 9.933726181442035 1.5528654621646814 0.245724481681457 0.9693397129502016 0.3
75.04588867638822 46.98879335432406 9.933726181442035 1.5528654621646814 0.245724481681457 0.9693397129502016 0.3
75.04588867638822 46.98879335432406 9.933726181442035 1.5528654621646814 0.245724481681457 0.9693397129502016 0.3
75.04588867638822 46.98879335432406 9.933726181442035 1.5528654621646814 0.245724481681457 0.9693397129502016 0.3
75.04588867638822 46.98879335432406 9.933726181442035 1.5528654621646814 0.245724481681457 0.9693397129502016 0.3
75.04588867638822 46.98879335432406 9.933726181442035 1.5528654621646814 0.245724481681457 0.9693397129502016 0.3
75.04588867638822 46.98879335432406 9.933726181442035 1.5528654621646814 0.245724481681457 0.9693397129502016 0.3
75.04588867638822 46.98879335432406 9.933726181442035 1.5528654621646814 0.245724481681457 0.9693397129502016 0.3
75.04588867638822 46.98879335432406 9.933726181442035 1.5528654621646814 0.245724481681457 0.9693397129502016 0.3
75.04588867638822 46.98879335432406 9.933726181442035 1.5528654621646814 0.245724481681457 0.9693397129502016 0.3
75.04588867638822 46.98879335432406 9.933726181442035 1.5528654621646814 0.245724481681457 0.9693397129502016 0.3
75.04588867638822 46.98879335432406 9.933726181442035 1.5528654621646814 0.245724481681457 0.9693397129502016 0.3
75.04588867638822 46.98879335432406 9.933726181442035 1.5528654621646814 0.245724481681457 0.9693397129502016 0.3
75.04588867638822 46.98879335432406 9.933726181442035 1.5528654621646814 0.245724481681457 0.9693397129502016 0.3
75.04588867638822 46.98879335432406 9.933726181442035 1.5528654621646814 0.245724481681457 0.9693397129502016 0.3
75.04588867638822 46.98879335432406 9.933726181442035 1.5528654621646814 0.245724481681457 0.9693397129502016 0.3
75.04588867638822 46.98879335432406 9.933726181442035 1.5528654621646814 0.245724481681457 0.9693397129502016 0.3
75.04588867638822 46.98879335432406 9.933726181442035 1.5528654621646814 0.245724481681457 0.9693397129502016 0.3
75.04588867638822 46.98879335432406 9.933726181442035 1.5528654621646814 0.245724481681457 0.9693397129502016 0.3
75.04588867638822 46.98879335432406 9.933726181442035 1.5528654621646814 0.245724481681457 0.9693397129502016 0.3
75.04588867638822 46.98879335432406 9.933726181442035 1.5528654621646814 0.245724481681457 0.9693397129502016 0.3
75.04588867638822 46.98879335432406 9.933726181442035 1.5528654621646814 0.245724481681457 0.9693397129502016 0.3
75.04588867638822 46.98879335432406 9.933726181442035 1.5528654621646814 0.245724481681457 0.9693397129502016 0.3
75.04588867638822 46.98879335432406 9.933726181442035 1.5528654621646814 0.245724481681457 0.9693397129502016 0.3
75.04588867638822 46.98879335432406 9.933726181442035 1.5528654621646814 0.245724481681457 0.9693397129502016 0.3
75.04588867638822 46.98879335432406 9.933726181442035 1.5528654621646814 0.245724481681457 0.9693397129502016 0.3
75.04588867638822 46.98879335432406 9.933726181442035 1.5528654621646814 0.245724481681457 0.9693397129502016 0.3
75.04588867638822 46.98879335432406 9.933726181442035 1.5528654621646814 0.245724481681457 0.9693397129502016 0.3
75.04588867638822 46.98879335432406 9.933726181442035 1.5528654621646814 0.245724481681457 0.9693397129502016 0.3
75.04588867638822 46.98879335432406 9.933726181442035 1.5528654621646814 0.245724481681457 0.9693397129502016 0.3
75.04588867638822 46.98879335432406 9.933726181442035 1.5528654621646814 0.245724481681457 0.9693397129502016 0.3
75.04588867638822 46.98879335432406 9.933726181442035 1.5528654621646814 0.245724481681457 0.9693397129502016 0.3
75.04588867638822 46.98879335432406 9.933726181442035 1.5528654621646814 0.245724481681457 0.9693397129502016 0.3
75.04588867638822 46.98879335432406 9.933726181442035 1.5528654621646814 0.245724481681457 0.9693397129502016 0.3
75.04588867638822 46.98879335432406 9.933726181442035 1.5528654621646814 0.245724481681457 0.9693397129502016 0.3
75.04588867638822 46.98879335432406 9.933726181442035 1.5528654621646814 0.245724481681457 0.9693397129502016 0.3
75.04588867638822 46.98879335432406 9.933726181442035 1.5528654621646814 0.245724481681457 0.9693397129502016 0.3
75.04588867638822 46.98879335432406 9.933726181442035 1.5528654621646814 0.245724481681457 0.9693397129502016 0.3
75.04588867638822 46.98879335432406 9.933726181442035 1.5528654621646814 0.245724481681457 0.9693397129502016 0.3
75.04588867638822 46.98879335432406 9.933726181442035 1.5528654621646814 0.245724481681457 0.9693397129502016 0.3
75.04588867638822 46.98879335432406 9.933726181442035 1.5528654621646814 0.245724481681457 0.9693397129502016 0.3
75.04588867638822 46.98879335432406 9.933726181442035 1.5528654621646814 0.245724481681457 0.9693397129502016 0.3
75.04588867638822 46.98879335432406 9.933726181442035 1.5528654621646814 0.245724481681457 0.9693397129502016 0.3
75.04588867638822 46.98879335432406 9.933726181442035 1.5528654621646814 0.245724481681457 0.9693397129502016 0.3
75.04588867638822 46.98879335432406 9.933726181442035 1.5528654621646814 0.245724481681457 0.9693397129502016 0.3
75.04588867638822 46.98879335432406 9.933726181442035 1.5528654621646814 0.245724481681457 0.9693397129502016 0.3
75.04588867638822 46.98879335432406 9.933726181442035 1.5528654621646814 0.245724481681457 0.9693397129502016 0.3
75.04588867638822 46.98879335432406 9.933726181442035 1.5528654621646814 0.245724481681457 0.9693397129502016 0.3
75.04588867638822 46.98879335432406 9.933726181442035 1.5528654621646814 0.245724481681457 0.9693397129502016 0.3
75.04588867638822 46.98879335432406 9.933726181442035 1.5528654621646814 0.245724481681457 0.9693397129502016 0.3
75.04588867638822 46.98879335432406 9.933726181442035 1.5528654621646814 0.245724481681457 0.9693397129502016 0.3
74.82018292331443 47.099775147309686 9.475717384938534 1.407875082244791 0.25231260228309577 0.9676457775080365 0.3
75.02829662054405 46.9875931960848 10.135431943880434 1.3625619975755954 0.24516827969792676 0.969480538551424 0.3
75.06861062602039 46.969860616926596 9.664319195510055 1.2335482445770212 0.24728838657415286 0.9689419249189047 0.3
74.90030720014214 47.05542035140579 9.83538003181088 1.2133196485419397 0.25014416335231127 0.968208602286084 0.3
74.95167286176824 47.00628029265154 9.142528093883392 1.2553278962266365 0.25016273547109197 0.9682038038458745 0.3
74.95417442728036 47.02552577592599 9.982160248411455 0.9911778848748086 0.24570988534162244 0.9693434129581769 0.3
74.99387494365172 47.00222397345804 10.088946350050016 1.0243152096364936 0.2562341184242398 0.9666147508471783 0.3
74.99387494365172 47.00222397345804 10.088946350050016 1.0243152096364936 0.2562341184242398 0.9666147508471783 0.3
74.99387494365172 47.00222397345804 10.088946350050016 1.0243152096364936 0.2562341184242398 0.9666147508471783 0.3
74.99387494365172 47.00222397345804 10.088946350050016 1.0243152096364936 0.2562341184242398 0.9666147508471783 0.3
74.99387494365172 47.00222397345804 10.088946350050016 1.0243152096364936 0.2562341184242398 0.9666147508471783 0.3
74.99387494365172 47.00222397345804 10.088946350050016 1.0243152096364936 0.2562341184242398 0.9666147508471783 0.3
74.99387494365172 47.00222397345804 10.088946350050016 1.0243152096364936 0.2562341184242398 0.9666147508471783 0.3
74.99387494365172 47.00222397345804 10.088946350050016 1.0243152096364936 0.2562341184242398 0.9666147508471783 0.3
74.99387494365172 47.00222397345804 10.088946350050016 1.0243152096364936 0.2562341184242398 0.9666147508471783 0.3
74.99387494365172 47.00222397345804 10.088946350050016 1.0243152096364936 0.2562341184242398 0.9666147508471783 0.3
74.99387494365172 47.00222397345804 10.088946350050016 1.0243152096364936 0.2562341184242398 0.9666147508471783 0.3
74.99387494365172 47.00222397345804 10.088946350050016 1.0243152096364936 0.2562341184242398 0.9666147508471783 0.3
74.99387494365172 47.00222397345804 10.088946350050016 1.0243152096364936 0.2562341184242398 0.9666147508471783 0.3
74.99387494365172 47.00222397345804 10.088946350050016 1.0243152096364936 0.2562341184242398 0.9666147508471783 0.3
74.99387494365172 47.00222397345804 10.088946350050016 1.0243152096364936 0.2562341184242398 0.9666147508471783 0.3
74.99387494365172 47.00222397345804 10.088946350050016 1.0243152096364936 0.2562341184242398 0.9666147508471783 0.3
74.99387494365172 47.00222397345804 10.088946350050016 1.0243152096364936 0.2562341184242398 0.9666147508471783 0.3
74.99387494365172 47.00222397345804 10.088946350050016 1.0243152096364936 0.2562341184242398 0.9666147508471783 0.3
74.99387494365172 47.00222397345804 10.088946350050016 1.0243152096364936 0.2562341184242398 0.9666147508471783 0.3
74.99387494365172 47.00222397345804 10.088946350050016 1.0243152096364936 0.2562341184242398 0.9666147508471783 0.3
74.99387494365172 47.00222397345804 10.088946350050016 1.0243152096364936 0.2562341184242398 0.9666147508471783 0.3
74.99387494365172 47.00222397345804 10.088946350050016 1.0243152096364936 0.2562341184242398 0.9666147508471783 0.3
74.99387494365172 47.00222397345804 10.088946350050016 1.0243152096364936 0.2562341184242398 0.9666147508471783 0.3
74.99387494365172 47.00222397345804 10.088946350050016 1.0243152096364936 0.2562341184242398 0.9666147508471783 0.3
74.99387494365172 47.00222397345804 10.088946350050016 1.0243152096364936 0.2562341184242398 0.9666147508471783 0.3
74.99387494365172 47.00222397345804 10.088946350050016 1.0243152096364936 0.2562341184242398 0.9666147508471783 0.3
74.99387494365172 47.00222397345804 10.088946350050016 1.0243152096364936 0.2562341184242398 0.9666147508471783 0.3
74.99387494365172 47.00222397345804 10.088946350050016 1.0243152096364936 0.2562341184242398 0.9666147508471783 0.3
74.99387494365172 47.00222397345804 10.088946350050016 1.0243152096364936 0.2562341184242398 0.9666147508471783 0.3
74.99387494365172 47.00222397345804 10.088946350050016 1.0243152096364936 0.2562341184242398 0.9666147508471783 0.3
74.99387494365172 47.00222397345804 10.088946350050016 1.0243152096364936 0.2562341184242398 0.9666147508471783 0.3
74.99387494365172 47.00222397345804 10.088946350050016 1.0243152096364936 0.2562341184242398 0.9666147508471783 0.3
74.99387494365172 47.00222397345804 10.088946350050016 1.0243152096364936 0.2562341184242398 0.9666147508471783 0.3
74.99387494365172 47.00222397345804 10.088946350050016 1.0243152096364936 0.2562341184242398 0.9666147508471783 0.3
74.99387494365172 47.00222397345804 10.088946350050016 1.0243152096364936 0.2562341184242398 0.9666147508471783 0.3
74.99387494365172 47.00222397345804 10.088946350050016 1.0243152096364936 0.2562341184242398 0.9666147508471783 0.3
74.99387494365172 47.00222397345804 10.088946350050016 1.0243152096364936 0.2562341184242398 0.9666147508471783 0.3
74.99387494365172 47.00222397345804 10.088946350050016 1.0243152096364936 0.2562341184242398 0.9666147508471783 0.3
74.99387494365172 47.00222397345804 10.088946350050016 1.0243152096364936 0.2562341184242398 0.9666147508471783 0.3
74.99387494365172 47.00222397345804 10.088946350050016 1.0243152096364936 0.2562341184242398 0.9666147508471783 0.3
74.99387494365172 47.00222397345804 10.088946350050016 1.0243152096364936 0.2562341184242398 0.9666147508471783 0.3
74.99387494365172 47.00222397345804 10.088946350050016 1.0243152096364936 0.2562341184242398 0.9666147508471783 0.3
74.99387494365172 47.00222397345804 10.088946350050016 1.0243152096364936 0.2562341184242398 0.9666147508471783 0.3
74.99387494365172 47.00222397345804 10.088946350050016 1.0243152096364936 0.2562341184242398 0.9666147508471783 0.3
74.99387494365172 47.00222397345804 10.088946350050016 1.0243152096364936 0.2562341184242398 0.9666147508471783 0.3
74.99387494365172 47.00222397345804 10.088946350050016 1.0243152096364936 0.2562341184242398 0.9666147508471783 0.3
74.99387494365172 47.00222397345804 10.088946350050016 1.0243152096364936 0.2562341184242398 0.9666147508471783 0.3
74.99387494365172 47.00222397345804 10.088946350050016 1.0243152096364936 0.2562341184242398 0.9666147508471783 0.3
74.99387494365172 47.00222397345804 10.088946350050016 1.0243152096364936 0.2562341184242398 0.9666147508471783 0.3
74.99387494365172 47.00222397345804 10.088946350050016 1.0243152096364936 0.2562341184242398 0.9666147508471783 0.3
74.99387494365172 47.00222397345804 10.088946350050016 1.0243152096364936 0.2562341184242398 0.9666147508471783 0.3
74.99387494365172 47.00222397345804 10.088946350050016 1.0243152096364936 0.2562341184242398 0.9666147508471783 0.3
74.99387494365172 47.00222397345804 10.088946350050016 1.0243152096364936 0.2562341184242398 0.9666147508471783 0.3
74.99387494365172 47.00222397345804 10.088946350050016 1.0243152096364936 0.2562341184242398 0.9666147508471783 0.3
74.99387494365172 47.00222397345804 10.088946350050016 1.0243152096364936 0.2562341184242398 0.9666147508471783 0.3
74.99387494365172 47.00222397345804 10.088946350050016 1.0243152096364936 0.2562341184242398 0.9666147508471783 0.3
74.99387494365172 47.00222397345804 10.088946350050016 1.0243152096364936 0.2562341184242398 0.9666147508471783 0.3
74.99387494365172 47.00222397345804 10.088946350050016 1.0243152096364936 0.2562341184242398 0.9666147508471783 0.3
74.99387494365172 47.00222397345804 10.088946350050016 1.0243152096364936 0.2562341184242398 0.9666147508471783 0.3
74.99387494365172 47.00222397345804 10.088946350050016 1.0243152096364936 0.2562341184242398 0.9666147508471783 0.3
