24.121816879514732 58.90750901950517 9.223792905815044 10.602408250906697 0.9625683791242953 0.27103895570568254 5
24.121816879514732 58.90750901950517 9.223792905815044 10.602408250906697 0.9625683791242953 0.27103895570568254 0.5
24.121816879514732 58.90750901950517 9.223792905815044 10.602408250906697 0.9625683791242953 0.27103895570568254 0.5
24.121816879514732 58.90750901950517 9.223792905815044 10.602408250906697 0.9625683791242953 0.27103895570568254 0.5
24.121816879514732 58.90750901950517 9.223792905815044 10.602408250906697 0.9625683791242953 0.27103895570568254 0.5
24.121816879514732 58.90750901950517 9.223792905815044 10.602408250906697 0.9625683791242953 0.27103895570568254 0.5
24.121816879514732 58.90750901950517 9.223792905815044 10.602408250906697 0.9625683791242953 0.27103895570568254 0.5
24.121816879514732 58.90750901950517 9.223792905815044 10.602408250906697 0.9625683791242953 0.27103895570568254 0.5
24.121816879514732 58.90750901950517 9.223792905815044 10.602408250906697 0.9625683791242953 0.27103895570568254 0.5
24.055103352706183 59.00521896327713 10.228422173754398 2.8194671198247754 0.07004360583835978 0.9975439305018905 0.5
23.906093712659196 58.997644436455005 10.649937140564079 2.189203547271913 0.08346221881601128 0.9965109422531738 0.5
23.928155835989692 59.012823040164484 8.115629309676128 1.6810327384310058 0.09832662347060582 0.9951541966533979 0.5
24.115123624764518 58.95999852040559 8.11675819575688 1.4599253403925037 0.10991291133462355 0.9939412215628987 0.5
23.972353290086602 59.0115829323537 4.855437049369641 1.4444719139016766 0.1481412132333965 0.9889662183015845 0.5
23.9277916347011 59.02282459171942 3.74435340961221 1.3471605611306254 0.16385405901935887 0.9864845905247991 0.5
23.999188993203735 59.000200604259916 3.2737660971916975 1.2061628478535766 0.163920131317345 0.9864736137114385 0.5
24.03889339938486 59.01787645255027 2.275192399127937 1.1411448441081538 0.21190887763748883 0.9772894287663301 0.5
23.991741740935385 59.01810410032576 1.9654615170076974 1.0901475393497935 0.1709663582052816 0.9852768668562271 0.5
23.971412857916377 58.98951401564007 1.897277283939862 1.127319575310699 0.22279794273918233 0.9748646453283595 0.5
24.01454101645169 58.99222115187831 1.804158301342334 1.027599403556563 0.20407230213174787 0.9789558189737924 0.5
24.00229916622532 58.98109748494948 2.069511094117617 1.0364371865290591 0.2323503218017411 0.9726321647769147 0.5
24.00229916622532 58.98109748494948 2.069511094117617 1.0364371865290591 0.2323503218017411 0.9726321647769147 0.5
24.00229916622532 58.98109748494948 2.069511094117617 1.0364371865290591 0.2323503218017411 0.9726321647769147 0.5
24.00229916622532 58.98109748494948 2.069511094117617 1.0364371865290591 0.2323503218017411 0.9726321647769147 0.5
24.00229916622532 58.98109748494948 2.069511094117617 1.0364371865290591 0.2323503218017411 0.9726321647769147 0.5
24.00229916622532 58.98109748494948 2.069511094117617 1.0364371865290591 0.2323503218017411 0.9726321647769147 0.5
24.00229916622532 58.98109748494948 2.069511094117617 1.0364371865290591 0.2323503218017411 0.9726321647769147 0.5
24.00229916622532 58.98109748494948 2.069511094117617 1.0364371865290591 0.2323503218017411 0.9726321647769147 0.5
24.00229916622532 58.98109748494948 2.069511094117617 1.0364371865290591 0.2323503218017411 0.9726321647769147 0.5
24.00229916622532 58.98109748494948 2.069511094117617 1.0364371865290591 0.2323503218017411 0.9726321647769147 0.5
24.00229916622532 58.98109748494948 2.069511094117617 1.0364371865290591 0.2323503218017411 0.9726321647769147 0.5
24.014956644630118 59.00678993050364 1.19289690468129 0.44480769034875867 0.1517887814874411 0.9884129530791054 0.5
24.010135450706013 59.01079506301208 1.1326068424904119 0.4673288345896567 0.15177811473222014 0.9884145910944117 0.5
24.006076074185376 59.00421580527989 1.2216508205965966 0.4360645774857343 0.1383506852356439 0.9903833035218373 0.5
24.000099862424854 58.999743768628306 1.0385102733998675 0.4524056772148788 0.156620831460287 0.9876588050296967 0.5
24.014446636320695 59.00037436407084 1.2237262216554519 0.4252182760166607 0.14697272467980152 0.9891405452210495 0.5
24.014446636320695 59.00037436407084 1.2237262216554519 0.4252182760166607 0.14697272467980152 0.9891405452210495 0.5
24.014446636320695 59.00037436407084 1.2237262216554519 0.4252182760166607 0.14697272467980152 0.9891405452210495 0.5
24.014446636320695 59.00037436407084 1.2237262216554519 0.4252182760166607 0.14697272467980152 0.9891405452210495 0.5
24.014446636320695 59.00037436407084 1.2237262216554519 0.4252182760166607 0.14697272467980152 0.9891405452210495 0.5
24.014446636320695 59.00037436407084 1.2237262216554519 0.4252182760166607 0.14697272467980152 0.9891405452210495 0.5
24.014446636320695 59.00037436407084 1.2237262216554519 0.4252182760166607 0.14697272467980152 0.9891405452210495 0.5
24.014446636320695 59.00037436407084 1.2237262216554519 0.4252182760166607 0.14697272467980152 0.9891405452210495 0.5
24.014446636320695 59.00037436407084 1.2237262216554519 0.4252182760166607 0.14697272467980152 0.9891405452210495 0.5
24.014446636320695 59.00037436407084 1.2237262216554519 0.4252182760166607 0.14697272467980152 0.9891405452210495 0.5
24.014446636320695 59.00037436407084 1.2237262216554519 0.4252182760166607 0.14697272467980152 0.9891405452210495 0.5
24.014446636320695 59.00037436407084 1.2237262216554519 0.4252182760166607 0.14697272467980152 0.9891405452210495 0.5
24.014446636320695 59.00037436407084 1.2237262216554519 0.4252182760166607 0.14697272467980152 0.9891405452210495 0.5
24.014446636320695 59.00037436407084 1.2237262216554519 0.4252182760166607 0.14697272467980152 0.9891405452210495 0.5
24.014446636320695 59.00037436407084 1.2237262216554519 0.4252182760166607 0.14697272467980152 0.9891405452210495 0.5
24.014446636320695 59.00037436407084 1.2237262216554519 0.4252182760166607 0.14697272467980152 0.9891405452210495 0.5
24.014446636320695 59.00037436407084 1.2237262216554519 0.4252182760166607 0.14697272467980152 0.9891405452210495 0.5
24.014446636320695 59.00037436407084 1.2237262216554519 0.4252182760166607 0.14697272467980152 0.9891405452210495 0.5
24.014446636320695 59.00037436407084 1.2237262216554519 0.4252182760166607 0.14697272467980152 0.9891405452210495 0.5
24.014446636320695 59.00037436407084 1.2237262216554519 0.4252182760166607 0.14697272467980152 0.9891405452210495 0.5
24.014446636320695 59.00037436407084 1.2237262216554519 0.4252182760166607 0.14697272467980152 0.9891405452210495 0.5
24.014446636320695 59.00037436407084 1.2237262216554519 0.4252182760166607 0.14697272467980152 0.9891405452210495 0.5
24.014446636320695 59.00037436407084 1.2237262216554519 0.4252182760166607 0.14697272467980152 0.9891405452210495 0.5
24.014446636320695 59.00037436407084 1.2237262216554519 0.4252182760166607 0.14697272467980152 0.9891405452210495 0.5
24.014446636320695 59.00037436407084 1.2237262216554519 0.4252182760166607 0.14697272467980152 0.9891405452210495 0.5
24.014446636320695 59.00037436407084 1.2237262216554519 0.4252182760166607 0.14697272467980152 0.9891405452210495 0.5
24.014446636320695 59.00037436407084 1.2237262216554519 0.4252182760166607 0.14697272467980152 0.9891405452210495 0.5
24.014446636320695 59.00037436407084 1.2237262216554519 0.4252182760166607 0.14697272467980152 0.9891405452210495 0.5
24.014446636320695 59.00037436407084 1.2237262216554519 0.4252182760166607 0.14697272467980152 0.9891405452210495 0.5
24.014446636320695 59.00037436407084 1.2237262216554519 0.4252182760166607 0.14697272467980152 0.9891405452210495 0.5
24.014446636320695 59.00037436407084 1.2237262216554519 0.4252182760166607 0.14697272467980152 0.9891405452210495 0.5
24.014446636320695 59.00037436407084 1.2237262216554519 0.4252182760166607 0.14697272467980152 0.9891405452210495 0.5
24.014446636320695 59.00037436407084 1.2237262216554519 0.4252182760166607 0.14697272467980152 0.9891405452210495 0.5
24.014446636320695 59.00037436407084 1.2237262216554519 0.4252182760166607 0.14697272467980152 0.9891405452210495 0.5
24.014446636320695 59.00037436407084 1.2237262216554519 0.4252182760166607 0.14697272467980152 0.9891405452210495 0.5
24.014446636320695 59.00037436407084 1.2237262216554519 0.4252182760166607 0.14697272467980152 0.9891405452210495 0.5
24.014446636320695 59.00037436407084 1.2237262216554519 0.4252182760166607 0.14697272467980152 0.9891405452210495 0.5
24.014446636320695 59.00037436407084 1.2237262216554519 0.4252182760166607 0.14697272467980152 0.9891405452210495 0.5
24.014446636320695 59.00037436407084 1.2237262216554519 0.4252182760166607 0.14697272467980152 0.9891405452210495 0.5
24.014446636320695 59.00037436407084 1.2237262216554519 0.4252182760166607 0.14697272467980152 0.9891405452210495 0.5
24.014446636320695 59.00037436407084 1.2237262216554519 0.4252182760166607 0.14697272467980152 0.9891405452210495 0.5
24.014446636320695 59.00037436407084 1.2237262216554519 0.4252182760166607 0.14697272467980152 0.9891405452210495 0.5
24.014446636320695 59.00037436407084 1.2237262216554519 0.4252182760166607 0.14697272467980152 0.9891405452210495 0.5
24.014446636320695 59.00037436407084 1.2237262216554519 0.4252182760166607 0.14697272467980152 0.9891405452210495 0.5
24.014446636320695 59.00037436407084 1.2237262216554519 0.4252182760166607 0.14697272467980152 0.9891405452210495 0.5
24.014446636320695 59.00037436407084 1.2237262216554519 0.4252182760166607 0.14697272467980152 0.9891405452210495 0.5
24.014446636320695 59.00037436407084 1.2237262216554519 0.4252182760166607 0.14697272467980152 0.9891405452210495 0.5
24.014446636320695 59.00037436407084 1.2237262216554519 0.4252182760166607 0.14697272467980152 0.9891405452210495 0.5
24.014446636320695 59.00037436407084 1.2237262216554519 0.4252182760166607 0.14697272467980152 0.9891405452210495 0.5
24.014446636320695 59.00037436407084 1.2237262216554519 0.4252182760166607 0.14697272467980152 0.9891405452210495 0.5
24.014446636320695 59.00037436407084 1.2237262216554519 0.4252182760166607 0.14697272467980152 0.9891405452210495 0.5
24.014446636320695 59.00037436407084 1.2237262216554519 0.4252182760166607 0.14697272467980152 0.9891405452210495 0.5
24.014446636320695 59.00037436407084 1.2237262216554519 0.4252182760166607 0.14697272467980152 0.9891405452210495 0.5
24.014446636320695 59.00037436407084 1.2237262216554519 0.4252182760166607 0.14697272467980152 0.9891405452210495 0.5
24.014446636320695 59.00037436407084 1.2237262216554519 0.4252182760166607 0.14697272467980152 0.9891405452210495 0.5
24.014446636320695 59.00037436407084 1.2237262216554519 0.4252182760166607 0.14697272467980152 0.9891405452210495 0.5
24.014446636320695 59.00037436407084 1.2237262216554519 0.4252182760166607 0.14697272467980152 0.9891405452210495 0.5
24.014446636320695 59.00037436407084 1.2237262216554519 0.4252182760166607 0.14697272467980152 0.9891405452210495 0.5
24.014446636320695 59.00037436407084 1.2237262216554519 0.4252182760166607 0.14697272467980152 0.9891405452210495 0.5
24.014446636320695 59.00037436407084 1.2237262216554519 0.4252182760166607 0.14697272467980152 0.9891405452210495 0.5
24.014446636320695 59.00037436407084 1.2237262216554519 0.4252182760166607 0.14697272467980152 0.9891405452210495 0.5
24.014446636320695 59.00037436407084 1.2237262216554519 0.4252182760166607 0.14697272467980152 0.9891405452210495 0.5
24.014446636320695 59.00037436407084 1.2237262216554519 0.4252182760166607 0.14697272467980152 0.9891405452210495 0.5
24.014446636320695 59.00037436407084 1.2237262216554519 0.4252182760166607 0.14697272467980152 0.9891405452210495 0.5
24.014446636320695 59.00037436407084 1.2237262216554519 0.4252182760166607 0.14697272467980152 0.9891405452210495 0.5
24.014446636320695 59.00037436407084 1.2237262216554519 0.4252182760166607 0.14697272467980152 0.9891405452210495 0.5
24.014446636320695 59.00037436407084 1.2237262216554519 0.4252182760166607 0.14697272467980152 0.9891405452210495 0.5
24.014446636320695 59.00037436407084 1.2237262216554519 0.4252182760166607 0.14697272467980152 0.9891405452210495 0.5
24.014446636320695 59.00037436407084 1.2237262216554519 0.4252182760166607 0.14697272467980152 0.9891405452210495 0.5
24.014446636320695 59.00037436407084 1.2237262216554519 0.4252182760166607 0.14697272467980152 0.9891405452210495 0.5
24.014446636320695 59.00037436407084 1.2237262216554519 0.4252182760166607 0.14697272467980152 0.9891405452210495 0.5
24.014446636320695 59.00037436407084 1.2237262216554519 0.4252182760166607 0.14697272467980152 0.9891405452210495 0.5
