74.61737724909001 47.274875985677156 9.877731794163559 12.883123407111343 0.9969050692552021 0.0786147752860798 5
74.61737724909001 47.274875985677156 9.877731794163559 12.883123407111343 0.9969050692552021 0.0786147752860798 0.5
74.61737724909001 47.274875985677156 9.877731794163559 12.883123407111343 0.9969050692552021 0.0786147752860798 0.5
74.61737724909001 47.274875985677156 9.877731794163559 12.883123407111343 0.9969050692552021 0.0786147752860798 0.5
74.61737724909001 47.274875985677156 9.877731794163559 12.883123407111343 0.9969050692552021 0.0786147752860798 0.5
74.61737724909001 47.274875985677156 9.877731794163559 12.883123407111343 0.9969050692552021 0.0786147752860798 0.5
74.61737724909001 47.274875985677156 9.877731794163559 12.883123407111343 0.9969050692552021 0.0786147752860798 0.5
74.61737724909001 47.274875985677156 9.877731794163559 12.883123407111343 0.9969050692552021 0.0786147752860798 0.5
74.61737724909001 47.274875985677156 9.877731794163559 12.883123407111343 0.9969050692552021 0.0786147752860798 0.5
74.61737724909001 47.274875985677156 9.877731794163559 12.883123407111343 0.9969050692552021 0.0786147752860798 0.5
74.61737724909001 47.274875985677156 9.877731794163559 12.883123407111343 0.9969050692552021 0.0786147752860798 0.5
74.61737724909001 47.274875985677156 9.877731794163559 12.883123407111343 0.9969050692552021 0.0786147752860798 0.5
75.02791200740108 46.96354791528689 4.087925633805661 10.48211331656367 0.9575100744690059 0.28839982193191244 0.5
75.06082522378196 46.91957303388503 8.434018104166439 2.9509234576630092 0.37646113582725427 0.9264324115722925 0.5
75.07946439507731 47.00945444253891 7.196878689383429 2.3369056157024097 0.3147615768467215 0.9491707695356855 0.5
74.98700748850739 47.068372311398214 7.298331551653717 2.038897881460669 0.2927011570926766 0.9562039702054203 0.5
74.98700748850739 47.068372311398214 7.298331551653717 2.038897881460669 0.2927011570926766 0.9562039702054203 0.5
74.98700748850739 47.068372311398214 7.298331551653717 2.038897881460669 0.2927011570926766 0.9562039702054203 0.5
74.98700748850739 47.068372311398214 7.298331551653717 2.038897881460669 0.2927011570926766 0.9562039702054203 0.5
74.98700748850739 47.068372311398214 7.298331551653717 2.038897881460669 0.2927011570926766 0.9562039702054203 0.5
74.98700748850739 47.068372311398214 7.298331551653717 2.038897881460669 0.2927011570926766 0.9562039702054203 0.5
74.98700748850739 47.068372311398214 7.298331551653717 2.038897881460669 0.2927011570926766 0.9562039702054203 0.5
74.98700748850739 47.068372311398214 7.298331551653717 2.038897881460669 0.2927011570926766 0.9562039702054203 0.5
74.98700748850739 47.068372311398214 7.298331551653717 2.038897881460669 0.2927011570926766 0.9562039702054203 0.5
74.98700748850739 47.068372311398214 7.298331551653717 2.038897881460669 0.2927011570926766 0.9562039702054203 0.5
74.98700748850739 47.068372311398214 7.298331551653717 2.038897881460669 0.2927011570926766 0.9562039702054203 0.5
74.98700748850739 47.068372311398214 7.298331551653717 2.038897881460669 0.2927011570926766 0.9562039702054203 0.5
74.98700748850739 47.068372311398214 7.298331551653717 2.038897881460669 0.2927011570926766 0.9562039702054203 0.5
74.98700748850739 47.068372311398214 7.298331551653717 2.038897881460669 0.2927011570926766 0.9562039702054203 0.5
74.98700748850739 47.068372311398214 7.298331551653717 2.038897881460669 0.2927011570926766 0.9562039702054203 0.5
74.98700748850739 47.068372311398214 7.298331551653717 2.038897881460669 0.2927011570926766 0.9562039702054203 0.5
74.98700748850739 47.068372311398214 7.298331551653717 2.038897881460669 0.2927011570926766 0.9562039702054203 0.5
74.98700748850739 47.068372311398214 7.298331551653717 2.038897881460669 0.2927011570926766 0.9562039702054203 0.5
74.98700748850739 47.068372311398214 7.298331551653717 2.038897881460669 0.2927011570926766 0.9562039702054203 0.5
74.98700748850739 47.068372311398214 7.298331551653717 2.038897881460669 0.2927011570926766 0.9562039702054203 0.5
74.98700748850739 47.068372311398214 7.298331551653717 2.038897881460669 0.2927011570926766 0.9562039702054203 0.5
74.98700748850739 47.068372311398214 7.298331551653717 2.038897881460669 0.2927011570926766 0.9562039702054203 0.5
74.98700748850739 47.068372311398214 7.298331551653717 2.038897881460669 0.2927011570926766 0.9562039702054203 0.5
74.98700748850739 47.068372311398214 7.298331551653717 2.038897881460669 0.2927011570926766 0.9562039702054203 0.5
74.98700748850739 47.068372311398214 7.298331551653717 2.038897881460669 0.2927011570926766 0.9562039702054203 0.5
74.98700748850739 47.068372311398214 7.298331551653717 2.038897881460669 0.2927011570926766 0.9562039702054203 0.5
74.98700748850739 47.068372311398214 7.298331551653717 2.038897881460669 0.2927011570926766 0.9562039702054203 0.5
74.98700748850739 47.068372311398214 7.298331551653717 2.038897881460669 0.2927011570926766 0.9562039702054203 0.5
74.98700748850739 47.068372311398214 7.298331551653717 2.038897881460669 0.2927011570926766 0.9562039702054203 0.5
74.98700748850739 47.068372311398214 7.298331551653717 2.038897881460669 0.2927011570926766 0.9562039702054203 0.5
74.98700748850739 47.068372311398214 7.298331551653717 2.038897881460669 0.2927011570926766 0.9562039702054203 0.5
74.98700748850739 47.068372311398214 7.298331551653717 2.038897881460669 0.2927011570926766 0.9562039702054203 0.5
74.98700748850739 47.068372311398214 7.298331551653717 2.038897881460669 0.2927011570926766 0.9562039702054203 0.5
74.98700748850739 47.068372311398214 7.298331551653717 2.038897881460669 0.2927011570926766 0.9562039702054203 0.5
74.98700748850739 47.068372311398214 7.298331551653717 2.038897881460669 0.2927011570926766 0.9562039702054203 0.5
74.98700748850739 47.068372311398214 7.298331551653717 2.038897881460669 0.2927011570926766 0.9562039702054203 0.5
74.98700748850739 47.068372311398214 7.298331551653717 2.038897881460669 0.2927011570926766 0.9562039702054203 0.5
74.98700748850739 47.068372311398214 7.298331551653717 2.038897881460669 0.2927011570926766 0.9562039702054203 0.5
74.98700748850739 47.068372311398214 7.298331551653717 2.038897881460669 0.2927011570926766 0.9562039702054203 0.5
74.98700748850739 47.068372311398214 7.298331551653717 2.038897881460669 0.2927011570926766 0.9562039702054203 0.5
74.98700748850739 47.068372311398214 7.298331551653717 2.038897881460669 0.2927011570926766 0.9562039702054203 0.5
74.98700748850739 47.068372311398214 7.298331551653717 2.038897881460669 0.2927011570926766 0.9562039702054203 0.5
74.98700748850739 47.068372311398214 7.298331551653717 2.038897881460669 0.2927011570926766 0.9562039702054203 0.5
74.98700748850739 47.068372311398214 7.298331551653717 2.038897881460669 0.2927011570926766 0.9562039702054203 0.5
74.98700748850739 47.068372311398214 7.298331551653717 2.038897881460669 0.2927011570926766 0.9562039702054203 0.5
74.98700748850739 47.068372311398214 7.298331551653717 2.038897881460669 0.2927011570926766 0.9562039702054203 0.5
74.98700748850739 47.068372311398214 7.298331551653717 2.038897881460669 0.2927011570926766 0.9562039702054203 0.5
74.98700748850739 47.068372311398214 7.298331551653717 2.038897881460669 0.2927011570926766 0.9562039702054203 0.5
74.98700748850739 47.068372311398214 7.298331551653717 2.038897881460669 0.2927011570926766 0.9562039702054203 0.5
74.98700748850739 47.068372311398214 7.298331551653717 2.038897881460669 0.2927011570926766 0.9562039702054203 0.5
75.01536812952826 47.00659553598025 5.774033828277293 1.9793689349022539 0.34951851605205714 0.9369294567558264 0.5
74.89952941615157 47.07343967367671 5.606681957715245 1.8789970799890672 0.3206179261111069 0.947208607148506 0.5
75.14997973179725 46.90845781313451 5.556953492376663 1.5953024733770966 0.3239958364698657 0.9460585066211243 0.5
74.95790243325389 47.02524127088507 5.70245564258963 1.4665882783968256 0.30087439440606467 0.9536637765957056 0.5
74.95790243325389 47.02524127088507 5.70245564258963 1.4665882783968256 0.30087439440606467 0.9536637765957056 0.5
74.95790243325389 47.02524127088507 5.70245564258963 1.4665882783968256 0.30087439440606467 0.9536637765957056 0.5
74.95790243325389 47.02524127088507 5.70245564258963 1.4665882783968256 0.30087439440606467 0.9536637765957056 0.5
74.95790243325389 47.02524127088507 5.70245564258963 1.4665882783968256 0.30087439440606467 0.9536637765957056 0.5
74.95790243325389 47.02524127088507 5.70245564258963 1.4665882783968256 0.30087439440606467 0.9536637765957056 0.5
74.95790243325389 47.02524127088507 5.70245564258963 1.4665882783968256 0.30087439440606467 0.9536637765957056 0.5
74.95790243325389 47.02524127088507 5.70245564258963 1.4665882783968256 0.30087439440606467 0.9536637765957056 0.5
74.95790243325389 47.02524127088507 5.70245564258963 1.4665882783968256 0.30087439440606467 0.9536637765957056 0.5
74.95790243325389 47.02524127088507 5.70245564258963 1.4665882783968256 0.30087439440606467 0.9536637765957056 0.5
74.95790243325389 47.02524127088507 5.70245564258963 1.4665882783968256 0.30087439440606467 0.9536637765957056 0.5
74.95790243325389 47.02524127088507 5.70245564258963 1.4665882783968256 0.30087439440606467 0.9536637765957056 0.5
74.95790243325389 47.02524127088507 5.70245564258963 1.4665882783968256 0.30087439440606467 0.9536637765957056 0.5
74.95790243325389 47.02524127088507 5.70245564258963 1.4665882783968256 0.30087439440606467 0.9536637765957056 0.5
74.95790243325389 47.02524127088507 5.70245564258963 1.4665882783968256 0.30087439440606467 0.9536637765957056 0.5
74.95790243325389 47.02524127088507 5.70245564258963 1.4665882783968256 0.30087439440606467 0.9536637765957056 0.5
74.95790243325389 47.02524127088507 5.70245564258963 1.4665882783968256 0.30087439440606467 0.9536637765957056 0.5
74.95790243325389 47.02524127088507 5.70245564258963 1.4665882783968256 0.30087439440606467 0.9536637765957056 0.5
74.95790243325389 47.02524127088507 5.70245564258963 1.4665882783968256 0.30087439440606467 0.9536637765957056 0.5
74.95790243325389 47.02524127088507 5.70245564258963 1.4665882783968256 0.30087439440606467 0.9536637765957056 0.5
74.95790243325389 47.02524127088507 5.70245564258963 1.4665882783968256 0.30087439440606467 0.9536637765957056 0.5
74.95790243325389 47.02524127088507 5.70245564258963 1.4665882783968256 0.30087439440606467 0.9536637765957056 0.5
74.95790243325389 47.02524127088507 5.70245564258963 1.4665882783968256 0.30087439440606467 0.9536637765957056 0.5
74.95790243325389 47.02524127088507 5.70245564258963 1.4665882783968256 0.30087439440606467 0.9536637765957056 0.5
74.95790243325389 47.02524127088507 5.70245564258963 1.4665882783968256 0.30087439440606467 0.9536637765957056 0.5
74.95790243325389 47.02524127088507 5.70245564258963 1.4665882783968256 0.30087439440606467 0.9536637765957056 0.5
74.95790243325389 47.02524127088507 5.70245564258963 1.4665882783968256 0.30087439440606467 0.9536637765957056 0.5
74.95790243325389 47.02524127088507 5.70245564258963 1.4665882783968256 0.30087439440606467 0.9536637765957056 0.5
74.95790243325389 47.02524127088507 5.70245564258963 1.4665882783968256 0.30087439440606467 0.9536637765957056 0.5
74.95790243325389 47.02524127088507 5.70245564258963 1.4665882783968256 0.30087439440606467 0.9536637765957056 0.5
74.95790243325389 47.02524127088507 5.70245564258963 1.4665882783968256 0.30087439440606467 0.9536637765957056 0.5
74.95790243325389 47.02524127088507 5.70245564258963 1.4665882783968256 0.30087439440606467 0.9536637765957056 0.5
74.95790243325389 47.02524127088507 5.70245564258963 1.4665882783968256 0.30087439440606467 0.9536637765957056 0.5
74.95790243325389 47.02524127088507 5.70245564258963 1.4665882783968256 0.30087439440606467 0.9536637765957056 0.5
74.95790243325389 47.02524127088507 5.70245564258963 1.4665882783968256 0.30087439440606467 0.9536637765957056 0.5
74.95790243325389 47.02524127088507 5.70245564258963 1.4665882783968256 0.30087439440606467 0.9536637765957056 0.5
74.95790243325389 47.02524127088507 5.70245564258963 1.4665882783968256 0.30087439440606467 0.9536637765957056 0.5
74.95790243325389 47.02524127088507 5.70245564258963 1.4665882783968256 0.30087439440606467 0.9536637765957056 0.5
74.95790243325389 47.02524127088507 5.70245564258963 1.4665882783968256 0.30087439440606467 0.9536637765957056 0.5
