9.759083319954525 132.04747740389632 10.38823748698192 11.293714036103232 0.9950545898979233 0.09932956822153066 5
9.759083319954525 132.04747740389632 10.38823748698192 11.293714036103232 0.9950545898979233 0.09932956822153066 0.5
9.759083319954525 132.04747740389632 10.38823748698192 11.293714036103232 0.9950545898979233 0.09932956822153066 0.5
9.759083319954525 132.04747740389632 10.38823748698192 11.293714036103232 0.9950545898979233 0.09932956822153066 0.5
9.759083319954525 132.04747740389632 10.38823748698192 11.293714036103232 0.9950545898979233 0.09932956822153066 0.5
9.759083319954525 132.04747740389632 10.38823748698192 11.293714036103232 0.9950545898979233 0.09932956822153066 0.5
9.759083319954525 132.04747740389632 10.38823748698192 11.293714036103232 0.9950545898979233 0.09932956822153066 0.5
9.759083319954525 132.04747740389632 10.38823748698192 11.293714036103232 0.9950545898979233 0.09932956822153066 0.5
9.759083319954525 132.04747740389632 10.38823748698192 11.293714036103232 0.9950545898979233 0.09932956822153066 0.5
9.759083319954525 132.04747740389632 10.38823748698192 11.293714036103232 0.9950545898979233 0.09932956822153066 0.5
9.759083319954525 132.04747740389632 10.38823748698192 11.293714036103232 0.9950545898979233 0.09932956822153066 0.5
9.759083319954525 132.04747740389632 10.38823748698192 11.293714036103232 0.9950545898979233 0.09932956822153066 0.5
9.759083319954525 132.04747740389632 10.38823748698192 11.293714036103232 0.9950545898979233 0.09932956822153066 0.5
9.759083319954525 132.04747740389632 10.38823748698192 11.293714036103232 0.9950545898979233 0.09932956822153066 0.5
9.759083319954525 132.04747740389632 10.38823748698192 11.293714036103232 0.9950545898979233 0.09932956822153066 0.5
9.759083319954525 132.04747740389632 10.38823748698192 11.293714036103232 0.9950545898979233 0.09932956822153066 0.5
9.759083319954525 132.04747740389632 10.38823748698192 11.293714036103232 0.9950545898979233 0.09932956822153066 0.5
9.759083319954525 132.04747740389632 10.38823748698192 11.293714036103232 0.9950545898979233 0.09932956822153066 0.5
9.759083319954525 132.04747740389632 10.38823748698192 11.293714036103232 0.9950545898979233 0.09932956822153066 0.5
9.759083319954525 132.04747740389632 10.38823748698192 11.293714036103232 0.9950545898979233 0.09932956822153066 0.5
9.759083319954525 132.04747740389632 10.38823748698192 11.293714036103232 0.9950545898979233 0.09932956822153066 0.5
9.759083319954525 132.04747740389632 10.38823748698192 11.293714036103232 0.9950545898979233 0.09932956822153066 0.5
9.759083319954525 132.04747740389632 10.38823748698192 11.293714036103232 0.9950545898979233 0.09932956822153066 0.5
9.441416958943135 131.93722787270838 10.243922604303496 3.6253274853613 0.04895284057841363 0.998801091008267 0.5
9.768109390150038 131.98265017042533 10.61714597060672 2.6994584681210196 0.037790424161969885 0.9992856867991547 0.5
9.666964631859148 131.9837454045859 9.14216344274818 2.263889001108847 0.01084888973587513 0.9999411490640331 0.5
9.499943674181468 131.98932626108729 11.071230370035739 1.967641781321038 0.014575229597960693 0.9998937756992823 0.5
9.543985042665126 132.03476631591442 10.213485323051536 1.6466641690725972 0.02618222174699355 0.9996571868717752 0.5
9.510771166934882 131.98669947909457 5.004331302435631 1.998351777200833 0.08840102454721988 0.9960849656826479 0.5
9.566508868952305 131.97640392566353 4.183943763616792 1.81369541071312 0.13169084816590093 0.9912908354813665 0.5
9.61706099675363 131.9935515421829 3.4301644761630596 1.6317996586080408 0.17762719683136324 0.9840978502902199 0.5
9.640279214391638 131.93851428815995 3.173896955051224 1.6461207174982049 0.14506314117921673 0.9894223997217865 0.5
9.640279214391638 131.93851428815995 3.173896955051224 1.6461207174982049 0.14506314117921673 0.9894223997217865 0.5
9.640279214391638 131.93851428815995 3.173896955051224 1.6461207174982049 0.14506314117921673 0.9894223997217865 0.5
9.640279214391638 131.93851428815995 3.173896955051224 1.6461207174982049 0.14506314117921673 0.9894223997217865 0.5
9.640279214391638 131.93851428815995 3.173896955051224 1.6461207174982049 0.14506314117921673 0.9894223997217865 0.5
9.640279214391638 131.93851428815995 3.173896955051224 1.6461207174982049 0.14506314117921673 0.9894223997217865 0.5
9.640279214391638 131.93851428815995 3.173896955051224 1.6461207174982049 0.14506314117921673 0.9894223997217865 0.5
9.640279214391638 131.93851428815995 3.173896955051224 1.6461207174982049 0.14506314117921673 0.9894223997217865 0.5
9.640279214391638 131.93851428815995 3.173896955051224 1.6461207174982049 0.14506314117921673 0.9894223997217865 0.5
9.640279214391638 131.93851428815995 3.173896955051224 1.6461207174982049 0.14506314117921673 0.9894223997217865 0.5
9.640279214391638 131.93851428815995 3.173896955051224 1.6461207174982049 0.14506314117921673 0.9894223997217865 0.5
9.640279214391638 131.93851428815995 3.173896955051224 1.6461207174982049 0.14506314117921673 0.9894223997217865 0.5
9.640279214391638 131.93851428815995 3.173896955051224 1.6461207174982049 0.14506314117921673 0.9894223997217865 0.5
9.640279214391638 131.93851428815995 3.173896955051224 1.6461207174982049 0.14506314117921673 0.9894223997217865 0.5
9.640279214391638 131.93851428815995 3.173896955051224 1.6461207174982049 0.14506314117921673 0.9894223997217865 0.5
9.640279214391638 131.93851428815995 3.173896955051224 1.6461207174982049 0.14506314117921673 0.9894223997217865 0.5
9.640279214391638 131.93851428815995 3.173896955051224 1.6461207174982049 0.14506314117921673 0.9894223997217865 0.5
9.586913352027398 132.027414985589 2.8532667369878464 1.4475473097175642 0.059343270616354284 0.9982376351513472 0.5
9.597064036560996 132.00986605770012 2.872706036693879 1.3313512348839467 0.09564699624295812 0.9954153163929614 0.5
9.591223169446671 132.01277761385606 2.808036591512585 1.0820164671483332 0.07630259369098456 0.9970847076332223 0.5
9.579631399313662 132.0066677362595 2.9857890471792503 1.2773965172629111 0.03293976110193395 0.9994573388287004 0.5
9.579631399313662 132.0066677362595 2.9857890471792503 1.2773965172629111 0.03293976110193395 0.9994573388287004 0.5
9.579631399313662 132.0066677362595 2.9857890471792503 1.2773965172629111 0.03293976110193395 0.9994573388287004 0.5
9.579631399313662 132.0066677362595 2.9857890471792503 1.2773965172629111 0.03293976110193395 0.9994573388287004 0.5
9.579631399313662 132.0066677362595 2.9857890471792503 1.2773965172629111 0.03293976110193395 0.9994573388287004 0.5
9.579631399313662 132.0066677362595 2.9857890471792503 1.2773965172629111 0.03293976110193395 0.9994573388287004 0.5
9.579631399313662 132.0066677362595 2.9857890471792503 1.2773965172629111 0.03293976110193395 0.9994573388287004 0.5
9.579631399313662 132.0066677362595 2.9857890471792503 1.2773965172629111 0.03293976110193395 0.9994573388287004 0.5
9.617852854613966 131.98999629110932 2.359967879532693 1.383570715009851 0.059228239713983395 0.9982444668618919 0.5
9.593156223104106 131.9933964028627 2.3128814794054646 1.2279219564219095 0.043383232672233124 0.9990585043544281 0.5
9.593156223104106 131.9933964028627 2.3128814794054646 1.2279219564219095 0.043383232672233124 0.9990585043544281 0.5
9.593156223104106 131.9933964028627 2.3128814794054646 1.2279219564219095 0.043383232672233124 0.9990585043544281 0.5
9.593156223104106 131.9933964028627 2.3128814794054646 1.2279219564219095 0.043383232672233124 0.9990585043544281 0.5
9.593156223104106 131.9933964028627 2.3128814794054646 1.2279219564219095 0.043383232672233124 0.9990585043544281 0.5
9.593156223104106 131.9933964028627 2.3128814794054646 1.2279219564219095 0.043383232672233124 0.9990585043544281 0.5
9.593156223104106 131.9933964028627 2.3128814794054646 1.2279219564219095 0.043383232672233124 0.9990585043544281 0.5
9.593156223104106 131.9933964028627 2.3128814794054646 1.2279219564219095 0.043383232672233124 0.9990585043544281 0.5
9.593156223104106 131.9933964028627 2.3128814794054646 1.2279219564219095 0.043383232672233124 0.9990585043544281 0.5
9.593156223104106 131.9933964028627 2.3128814794054646 1.2279219564219095 0.043383232672233124 0.9990585043544281 0.5
9.593156223104106 131.9933964028627 2.3128814794054646 1.2279219564219095 0.043383232672233124 0.9990585043544281 0.5
9.593156223104106 131.9933964028627 2.3128814794054646 1.2279219564219095 0.043383232672233124 0.9990585043544281 0.5
9.593156223104106 131.9933964028627 2.3128814794054646 1.2279219564219095 0.043383232672233124 0.9990585043544281 0.5
9.593156223104106 131.9933964028627 2.3128814794054646 1.2279219564219095 0.043383232672233124 0.9990585043544281 0.5
9.593156223104106 131.9933964028627 2.3128814794054646 1.2279219564219095 0.043383232672233124 0.9990585043544281 0.5
9.593156223104106 131.9933964028627 2.3128814794054646 1.2279219564219095 0.043383232672233124 0.9990585043544281 0.5
9.593156223104106 131.9933964028627 2.3128814794054646 1.2279219564219095 0.043383232672233124 0.9990585043544281 0.5
9.593156223104106 131.9933964028627 2.3128814794054646 1.2279219564219095 0.043383232672233124 0.9990585043544281 0.5
9.593156223104106 131.9933964028627 2.3128814794054646 1.2279219564219095 0.043383232672233124 0.9990585043544281 0.5
9.593156223104106 131.9933964028627 2.3128814794054646 1.2279219564219095 0.043383232672233124 0.9990585043544281 0.5
9.593156223104106 131.9933964028627 2.3128814794054646 1.2279219564219095 0.043383232672233124 0.9990585043544281 0.5
9.593156223104106 131.9933964028627 2.3128814794054646 1.2279219564219095 0.043383232672233124 0.9990585043544281 0.5
9.593156223104106 131.9933964028627 2.3128814794054646 1.2279219564219095 0.043383232672233124 0.9990585043544281 0.5
9.593156223104106 131.9933964028627 2.3128814794054646 1.2279219564219095 0.043383232672233124 0.9990585043544281 0.5
9.593156223104106 131.9933964028627 2.3128814794054646 1.2279219564219095 0.043383232672233124 0.9990585043544281 0.5
9.593156223104106 131.9933964028627 2.3128814794054646 1.2279219564219095 0.043383232672233124 0.9990585043544281 0.5
9.593156223104106 131.9933964028627 2.3128814794054646 1.2279219564219095 0.043383232672233124 0.9990585043544281 0.5
9.593156223104106 131.9933964028627 2.3128814794054646 1.2279219564219095 0.043383232672233124 0.9990585043544281 0.5
9.593156223104106 131.9933964028627 2.3128814794054646 1.2279219564219095 0.043383232672233124 0.9990585043544281 0.5
9.593156223104106 131.9933964028627 2.3128814794054646 1.2279219564219095 0.043383232672233124 0.9990585043544281 0.5
9.593156223104106 131.9933964028627 2.3128814794054646 1.2279219564219095 0.043383232672233124 0.9990585043544281 0.5
9.593156223104106 131.9933964028627 2.3128814794054646 1.2279219564219095 0.043383232672233124 0.9990585043544281 0.5
9.593156223104106 131.9933964028627 2.3128814794054646 1.2279219564219095 0.043383232672233124 0.9990585043544281 0.5
9.593156223104106 131.9933964028627 2.3128814794054646 1.2279219564219095 0.043383232672233124 0.9990585043544281 0.5
9.593156223104106 131.9933964028627 2.3128814794054646 1.2279219564219095 0.043383232672233124 0.9990585043544281 0.5
9.593156223104106 131.9933964028627 2.3128814794054646 1.2279219564219095 0.043383232672233124 0.9990585043544281 0.5
9.593156223104106 131.9933964028627 2.3128814794054646 1.2279219564219095 0.043383232672233124 0.9990585043544281 0.5
9.593156223104106 131.9933964028627 2.3128814794054646 1.2279219564219095 0.043383232672233124 0.9990585043544281 0.5
9.593156223104106 131.9933964028627 2.3128814794054646 1.2279219564219095 0.043383232672233124 0.9990585043544281 0.5
9.593156223104106 131.9933964028627 2.3128814794054646 1.2279219564219095 0.043383232672233124 0.9990585043544281 0.5
9.593156223104106 131.9933964028627 2.3128814794054646 1.2279219564219095 0.043383232672233124 0.9990585043544281 0.5
9.593156223104106 131.9933964028627 2.3128814794054646 1.2279219564219095 0.043383232672233124 0.9990585043544281 0.5
9.593156223104106 131.9933964028627 2.3128814794054646 1.2279219564219095 0.043383232672233124 0.9990585043544281 0.5
9.593156223104106 131.9933964028627 2.3128814794054646 1.2279219564219095 0.043383232672233124 0.9990585043544281 0.5
9.593156223104106 131.9933964028627 2.3128814794054646 1.2279219564219095 0.043383232672233124 0.9990585043544281 0.5
9.593156223104106 131.9933964028627 2.3128814794054646 1.2279219564219095 0.043383232672233124 0.9990585043544281 0.5
9.593156223104106 131.9933964028627 2.3128814794054646 1.2279219564219095 0.043383232672233124 0.9990585043544281 0.5
