103.91009260769064 135.88816277291394 6.550023578909228 5.987064031424251 0.118617738594006 0.9929399942045058 5
103.91009260769064 135.88816277291394 6.550023578909228 5.987064031424251 0.118617738594006 0.9929399942045058 0.5
103.91009260769064 135.88816277291394 6.550023578909228 5.987064031424251 0.118617738594006 0.9929399942045058 0.5
103.91009260769064 135.88816277291394 6.550023578909228 5.987064031424251 0.118617738594006 0.9929399942045058 0.5
103.91009260769064 135.88816277291394 6.550023578909228 5.987064031424251 0.118617738594006 0.9929399942045058 0.5
103.91009260769064 135.88816277291394 6.550023578909228 5.987064031424251 0.118617738594006 0.9929399942045058 0.5
103.91009260769064 135.88816277291394 6.550023578909228 5.987064031424251 0.118617738594006 0.9929399942045058 0.5
103.91009260769064 135.88816277291394 6.550023578909228 5.987064031424251 0.118617738594006 0.9929399942045058 0.5
103.91009260769064 135.88816277291394 6.550023578909228 5.987064031424251 0.118617738594006 0.9929399942045058 0.5
103.91009260769064 135.88816277291394 6.550023578909228 5.987064031424251 0.118617738594006 0.9929399942045058 0.5
103.91009260769064 135.88816277291394 6.550023578909228 5.987064031424251 0.118617738594006 0.9929399942045058 0.5
103.91009260769064 135.88816277291394 6.550023578909228 5.987064031424251 0.118617738594006 0.9929399942045058 0.5
103.91009260769064 135.88816277291394 6.550023578909228 5.987064031424251 0.118617738594006 0.9929399942045058 0.5
103.91009260769064 135.88816277291394 6.550023578909228 5.987064031424251 0.118617738594006 0.9929399942045058 0.5
103.91009260769064 135.88816277291394 6.550023578909228 5.987064031424251 0.118617738594006 0.9929399942045058 0.5
103.91009260769064 135.88816277291394 6.550023578909228 5.987064031424251 0.118617738594006 0.9929399942045058 0.5
103.91009260769064 135.88816277291394 6.550023578909228 5.987064031424251 0.118617738594006 0.9929399942045058 0.5
103.91009260769064 135.88816277291394 6.550023578909228 5.987064031424251 0.118617738594006 0.9929399942045058 0.5
103.91009260769064 135.88816277291394 6.550023578909228 5.987064031424251 0.118617738594006 0.9929399942045058 0.5
103.91009260769064 135.88816277291394 6.550023578909228 5.987064031424251 0.118617738594006 0.9929399942045058 0.5
103.91009260769064 135.88816277291394 6.550023578909228 5.987064031424251 0.118617738594006 0.9929399942045058 0.5
103.91009260769064 135.88816277291394 6.550023578909228 5.987064031424251 0.118617738594006 0.9929399942045058 0.5
103.91009260769064 135.88816277291394 6.550023578909228 5.987064031424251 0.118617738594006 0.9929399942045058 0.5
103.91009260769064 135.88816277291394 6.550023578909228 5.987064031424251 0.118617738594006 0.9929399942045058 0.5
103.91009260769064 135.88816277291394 6.550023578909228 5.987064031424251 0.118617738594006 0.9929399942045058 0.5
103.91009260769064 135.88816277291394 6.550023578909228 5.987064031424251 0.118617738594006 0.9929399942045058 0.5
103.91009260769064 135.88816277291394 6.550023578909228 5.987064031424251 0.118617738594006 0.9929399942045058 0.5
103.91009260769064 135.88816277291394 6.550023578909228 5.987064031424251 0.118617738594006 0.9929399942045058 0.5
103.91009260769064 135.88816277291394 6.550023578909228 5.987064031424251 0.118617738594006 0.9929399942045058 0.5
103.91009260769064 135.88816277291394 6.550023578909228 5.987064031424251 0.118617738594006 0.9929399942045058 0.5
103.91009260769064 135.88816277291394 6.550023578909228 5.987064031424251 0.118617738594006 0.9929399942045058 0.5
103.91009260769064 135.88816277291394 6.550023578909228 5.987064031424251 0.118617738594006 0.9929399942045058 0.5
103.91009260769064 135.88816277291394 6.550023578909228 5.987064031424251 0.118617738594006 0.9929399942045058 0.5
103.91009260769064 135.88816277291394 6.550023578909228 5.987064031424251 0.118617738594006 0.9929399942045058 0.5
103.91009260769064 135.88816277291394 6.550023578909228 5.987064031424251 0.118617738594006 0.9929399942045058 0.5
103.91009260769064 135.88816277291394 6.550023578909228 5.987064031424251 0.118617738594006 0.9929399942045058 0.5
103.91009260769064 135.88816277291394 6.550023578909228 5.987064031424251 0.118617738594006 0.9929399942045058 0.5
103.91009260769064 135.88816277291394 6.550023578909228 5.987064031424251 0.118617738594006 0.9929399942045058 0.5
103.91009260769064 135.88816277291394 6.550023578909228 5.987064031424251 0.118617738594006 0.9929399942045058 0.5
103.91009260769064 135.88816277291394 6.550023578909228 5.987064031424251 0.118617738594006 0.9929399942045058 0.5
103.91009260769064 135.88816277291394 6.550023578909228 5.987064031424251 0.118617738594006 0.9929399942045058 0.5
103.91009260769064 135.88816277291394 6.550023578909228 5.987064031424251 0.118617738594006 0.9929399942045058 0.5
103.91009260769064 135.88816277291394 6.550023578909228 5.987064031424251 0.118617738594006 0.9929399942045058 0.5
103.91009260769064 135.88816277291394 6.550023578909228 5.987064031424251 0.118617738594006 0.9929399942045058 0.5
103.91009260769064 135.88816277291394 6.550023578909228 5.987064031424251 0.118617738594006 0.9929399942045058 0.5
103.91009260769064 135.88816277291394 6.550023578909228 5.987064031424251 0.118617738594006 0.9929399942045058 0.5
103.91009260769064 135.88816277291394 6.550023578909228 5.987064031424251 0.118617738594006 0.9929399942045058 0.5
103.91009260769064 135.88816277291394 6.550023578909228 5.987064031424251 0.118617738594006 0.9929399942045058 0.5
103.91009260769064 135.88816277291394 6.550023578909228 5.987064031424251 0.118617738594006 0.9929399942045058 0.5
103.91009260769064 135.88816277291394 6.550023578909228 5.987064031424251 0.118617738594006 0.9929399942045058 0.5
103.91009260769064 135.88816277291394 6.550023578909228 5.987064031424251 0.118617738594006 0.9929399942045058 0.5
103.91009260769064 135.88816277291394 6.550023578909228 5.987064031424251 0.118617738594006 0.9929399942045058 0.5
103.91009260769064 135.88816277291394 6.550023578909228 5.987064031424251 0.118617738594006 0.9929399942045058 0.5
103.91009260769064 135.88816277291394 6.550023578909228 5.987064031424251 0.118617738594006 0.9929399942045058 0.5
103.91009260769064 135.88816277291394 6.550023578909228 5.987064031424251 0.118617738594006 0.9929399942045058 0.5
103.91009260769064 135.88816277291394 6.550023578909228 5.987064031424251 0.118617738594006 0.9929399942045058 0.5
103.91009260769064 135.88816277291394 6.550023578909228 5.987064031424251 0.118617738594006 0.9929399942045058 0.5
103.91009260769064 135.88816277291394 6.550023578909228 5.987064031424251 0.118617738594006 0.9929399942045058 0.5
103.91009260769064 135.88816277291394 6.550023578909228 5.987064031424251 0.118617738594006 0.9929399942045058 0.5
103.91009260769064 135.88816277291394 6.550023578909228 5.987064031424251 0.118617738594006 0.9929399942045058 0.5
103.91009260769064 135.88816277291394 6.550023578909228 5.987064031424251 0.118617738594006 0.9929399942045058 0.5
103.91009260769064 135.88816277291394 6.550023578909228 5.987064031424251 0.118617738594006 0.9929399942045058 0.5
103.91009260769064 135.88816277291394 6.550023578909228 5.987064031424251 0.118617738594006 0.9929399942045058 0.5
103.91009260769064 135.88816277291394 6.550023578909228 5.987064031424251 0.118617738594006 0.9929399942045058 0.5
103.91009260769064 135.88816277291394 6.550023578909228 5.987064031424251 0.118617738594006 0.9929399942045058 0.5
103.91009260769064 135.88816277291394 6.550023578909228 5.987064031424251 0.118617738594006 0.9929399942045058 0.5
103.91009260769064 135.88816277291394 6.550023578909228 5.987064031424251 0.118617738594006 0.9929399942045058 0.5
103.91009260769064 135.88816277291394 6.550023578909228 5.987064031424251 0.118617738594006 0.9929399942045058 0.5
103.91009260769064 135.88816277291394 6.550023578909228 5.987064031424251 0.118617738594006 0.9929399942045058 0.5
103.91009260769064 135.88816277291394 6.550023578909228 5.987064031424251 0.118617738594006 0.9929399942045058 0.5
103.91009260769064 135.88816277291394 6.550023578909228 5.987064031424251 0.118617738594006 0.9929399942045058 0.5
103.91009260769064 135.88816277291394 6.550023578909228 5.987064031424251 0.118617738594006 0.9929399942045058 0.5
103.91009260769064 135.88816277291394 6.550023578909228 5.987064031424251 0.118617738594006 0.9929399942045058 0.5
103.91009260769064 135.88816277291394 6.550023578909228 5.987064031424251 0.118617738594006 0.9929399942045058 0.5
103.91009260769064 135.88816277291394 6.550023578909228 5.987064031424251 0.118617738594006 0.9929399942045058 0.5
103.91009260769064 135.88816277291394 6.550023578909228 5.987064031424251 0.118617738594006 0.9929399942045058 0.5
103.91009260769064 135.88816277291394 6.550023578909228 5.987064031424251 0.118617738594006 0.9929399942045058 0.5
104.07387666308114 135.93945398924447 3.4339877338874505 5.789693825318228 0.9681975614290239 0.25018689422687884 0.5
104.04740546482859 135.94595873926016 2.797428328407322 5.7532971548902285 0.9546590855437667 0.2977012435122486 0.5
103.91044652515346 136.07066686627223 2.2399845312857924 6.104116329958883 0.9488791431759828 0.31563962306024385 0.5
104.02481067117847 136.01182686061574 2.057915720490066 4.66688343075436 0.9247429818285069 0.38059219324484533 0.5
104.01943592622833 136.02184971171113 4.44216039793378 1.844129196440151 0.33323741912346344 0.942842946887727 0.5
104.00804394763574 135.99213982289706 3.4001910596741642 1.8008557047802785 0.2414115929292076 0.9704228165080325 0.5
104.06140245757325 135.9898998801558 2.589392752075609 1.8756963392784383 0.2245771735808029 0.9744563064121746 0.5
104.01150789380246 136.00459336871646 2.683298793755527 1.7546218092373334 0.22189727818983185 0.9750700477052633 0.5
104.02155088997657 135.991762882286 2.59176621723 1.6063929300307929 0.12440130695669294 0.9922319863960578 0.5
103.98055200547962 136.00049477469497 2.4152907600048574 1.3422550252251355 0.09914077390737612 0.9950734178687755 0.5
103.96592716884503 136.00297747866918 2.4518468014126618 1.5035820326584162 0.20724287931693897 0.9782895220600212 0.5
103.99056010415741 135.99881410135765 2.2239934170734985 1.2376090095243975 0.10826641362483438 0.9941219159040888 0.5
103.99056010415741 135.99881410135765 2.2239934170734985 1.2376090095243975 0.10826641362483438 0.9941219159040888 0.5
103.99056010415741 135.99881410135765 2.2239934170734985 1.2376090095243975 0.10826641362483438 0.9941219159040888 0.5
103.99056010415741 135.99881410135765 2.2239934170734985 1.2376090095243975 0.10826641362483438 0.9941219159040888 0.5
103.99056010415741 135.99881410135765 2.2239934170734985 1.2376090095243975 0.10826641362483438 0.9941219159040888 0.5
103.99056010415741 135.99881410135765 2.2239934170734985 1.2376090095243975 0.10826641362483438 0.9941219159040888 0.5
103.99056010415741 135.99881410135765 2.2239934170734985 1.2376090095243975 0.10826641362483438 0.9941219159040888 0.5
103.99056010415741 135.99881410135765 2.2239934170734985 1.2376090095243975 0.10826641362483438 0.9941219159040888 0.5
103.99056010415741 135.99881410135765 2.2239934170734985 1.2376090095243975 0.10826641362483438 0.9941219159040888 0.5
103.99056010415741 135.99881410135765 2.2239934170734985 1.2376090095243975 0.10826641362483438 0.9941219159040888 0.5
103.99056010415741 135.99881410135765 2.2239934170734985 1.2376090095243975 0.10826641362483438 0.9941219159040888 0.5
103.99056010415741 135.99881410135765 2.2239934170734985 1.2376090095243975 0.10826641362483438 0.9941219159040888 0.5
103.99056010415741 135.99881410135765 2.2239934170734985 1.2376090095243975 0.10826641362483438 0.9941219159040888 0.5
103.99056010415741 135.99881410135765 2.2239934170734985 1.2376090095243975 0.10826641362483438 0.9941219159040888 0.5
103.99056010415741 135.99881410135765 2.2239934170734985 1.2376090095243975 0.10826641362483438 0.9941219159040888 0.5
103.99056010415741 135.99881410135765 2.2239934170734985 1.2376090095243975 0.10826641362483438 0.9941219159040888 0.5
103.99056010415741 135.99881410135765 2.2239934170734985 1.2376090095243975 0.10826641362483438 0.9941219159040888 0.5
103.99056010415741 135.99881410135765 2.2239934170734985 1.2376090095243975 0.10826641362483438 0.9941219159040888 0.5
103.99056010415741 135.99881410135765 2.2239934170734985 1.2376090095243975 0.10826641362483438 0.9941219159040888 0.5
