42.7943530279914 22.191717212008648 13.695460122605951 12.885154952006756 0.14069158405452328 0.9900534723822896 5
42.7943530279914 22.191717212008648 13.695460122605951 12.885154952006756 0.14069158405452328 0.9900534723822896 0.5
42.7943530279914 22.191717212008648 13.695460122605951 12.885154952006756 0.14069158405452328 0.9900534723822896 0.5
42.97573982857664 22.004260591258557 4.110853859853059 12.74846256100662 0.9635132145930844 0.267660765343935 0.5
43.075285688684026 21.883712308248136 2.9154272362289952 11.267986487839334 0.9592796255390594 0.2824581385367431 0.5
42.99867249198887 22.1043124706672 2.544489150650894 12.007873916089157 0.9620807532640228 0.27276477814947175 0.5
43.062207097032825 21.932573274120642 2.073217109720695 13.33009188310185 0.9602187272717988 0.27924898530975356 0.5
43.062207097032825 21.932573274120642 2.073217109720695 13.33009188310185 0.9602187272717988 0.27924898530975356 0.5
43.062207097032825 21.932573274120642 2.073217109720695 13.33009188310185 0.9602187272717988 0.27924898530975356 0.5
43.062207097032825 21.932573274120642 2.073217109720695 13.33009188310185 0.9602187272717988 0.27924898530975356 0.5
43.062207097032825 21.932573274120642 2.073217109720695 13.33009188310185 0.9602187272717988 0.27924898530975356 0.5
43.062207097032825 21.932573274120642 2.073217109720695 13.33009188310185 0.9602187272717988 0.27924898530975356 0.5
43.062207097032825 21.932573274120642 2.073217109720695 13.33009188310185 0.9602187272717988 0.27924898530975356 0.5
43.062207097032825 21.932573274120642 2.073217109720695 13.33009188310185 0.9602187272717988 0.27924898530975356 0.5
43.062207097032825 21.932573274120642 2.073217109720695 13.33009188310185 0.9602187272717988 0.27924898530975356 0.5
43.062207097032825 21.932573274120642 2.073217109720695 13.33009188310185 0.9602187272717988 0.27924898530975356 0.5
43.062207097032825 21.932573274120642 2.073217109720695 13.33009188310185 0.9602187272717988 0.27924898530975356 0.5
43.062207097032825 21.932573274120642 2.073217109720695 13.33009188310185 0.9602187272717988 0.27924898530975356 0.5
43.062207097032825 21.932573274120642 2.073217109720695 13.33009188310185 0.9602187272717988 0.27924898530975356 0.5
43.062207097032825 21.932573274120642 2.073217109720695 13.33009188310185 0.9602187272717988 0.27924898530975356 0.5
43.062207097032825 21.932573274120642 2.073217109720695 13.33009188310185 0.9602187272717988 0.27924898530975356 0.5
43.062207097032825 21.932573274120642 2.073217109720695 13.33009188310185 0.9602187272717988 0.27924898530975356 0.5
43.062207097032825 21.932573274120642 2.073217109720695 13.33009188310185 0.9602187272717988 0.27924898530975356 0.5
43.062207097032825 21.932573274120642 2.073217109720695 13.33009188310185 0.9602187272717988 0.27924898530975356 0.5
43.062207097032825 21.932573274120642 2.073217109720695 13.33009188310185 0.9602187272717988 0.27924898530975356 0.5
43.062207097032825 21.932573274120642 2.073217109720695 13.33009188310185 0.9602187272717988 0.27924898530975356 0.5
43.062207097032825 21.932573274120642 2.073217109720695 13.33009188310185 0.9602187272717988 0.27924898530975356 0.5
43.062207097032825 21.932573274120642 2.073217109720695 13.33009188310185 0.9602187272717988 0.27924898530975356 0.5
43.062207097032825 21.932573274120642 2.073217109720695 13.33009188310185 0.9602187272717988 0.27924898530975356 0.5
43.062207097032825 21.932573274120642 2.073217109720695 13.33009188310185 0.9602187272717988 0.27924898530975356 0.5
43.062207097032825 21.932573274120642 2.073217109720695 13.33009188310185 0.9602187272717988 0.27924898530975356 0.5
43.062207097032825 21.932573274120642 2.073217109720695 13.33009188310185 0.9602187272717988 0.27924898530975356 0.5
43.062207097032825 21.932573274120642 2.073217109720695 13.33009188310185 0.9602187272717988 0.27924898530975356 0.5
43.062207097032825 21.932573274120642 2.073217109720695 13.33009188310185 0.9602187272717988 0.27924898530975356 0.5
43.062207097032825 21.932573274120642 2.073217109720695 13.33009188310185 0.9602187272717988 0.27924898530975356 0.5
43.062207097032825 21.932573274120642 2.073217109720695 13.33009188310185 0.9602187272717988 0.27924898530975356 0.5
43.062207097032825 21.932573274120642 2.073217109720695 13.33009188310185 0.9602187272717988 0.27924898530975356 0.5
43.062207097032825 21.932573274120642 2.073217109720695 13.33009188310185 0.9602187272717988 0.27924898530975356 0.5
43.062207097032825 21.932573274120642 2.073217109720695 13.33009188310185 0.9602187272717988 0.27924898530975356 0.5
43.04590391043308 21.982610711721144 2.2192556990806334 4.09715533284196 0.9532050125789627 0.3023246665330824 0.5
42.989327990937966 21.999443109165103 2.1096851320879675 2.906518942022088 0.9478412944878891 0.3187426555444419 0.5
43.016739914732206 22.013140413746058 2.5622971570682265 1.996707997283786 0.3405165381047459 0.9402385267990028 0.5
42.999254886318155 21.994548795092914 2.4886919390241347 1.9831556795388408 0.12516247719567253 0.9921362579314611 0.5
42.972815570841696 22.01270880216288 1.7120109768989602 2.079163475930527 0.9438523687926873 0.3303675315832852 0.5
42.98321037437393 21.980067844602853 1.5376178936434601 2.0136615256270938 0.9814450948792567 0.19174338512044362 0.5
42.98321037437393 21.980067844602853 1.5376178936434601 2.0136615256270938 0.9814450948792567 0.19174338512044362 0.5
42.98321037437393 21.980067844602853 1.5376178936434601 2.0136615256270938 0.9814450948792567 0.19174338512044362 0.5
42.98321037437393 21.980067844602853 1.5376178936434601 2.0136615256270938 0.9814450948792567 0.19174338512044362 0.5
42.98321037437393 21.980067844602853 1.5376178936434601 2.0136615256270938 0.9814450948792567 0.19174338512044362 0.5
42.98321037437393 21.980067844602853 1.5376178936434601 2.0136615256270938 0.9814450948792567 0.19174338512044362 0.5
42.98321037437393 21.980067844602853 1.5376178936434601 2.0136615256270938 0.9814450948792567 0.19174338512044362 0.5
42.98321037437393 21.980067844602853 1.5376178936434601 2.0136615256270938 0.9814450948792567 0.19174338512044362 0.5
42.98321037437393 21.980067844602853 1.5376178936434601 2.0136615256270938 0.9814450948792567 0.19174338512044362 0.5
42.98321037437393 21.980067844602853 1.5376178936434601 2.0136615256270938 0.9814450948792567 0.19174338512044362 0.5
42.98321037437393 21.980067844602853 1.5376178936434601 2.0136615256270938 0.9814450948792567 0.19174338512044362 0.5
42.98321037437393 21.980067844602853 1.5376178936434601 2.0136615256270938 0.9814450948792567 0.19174338512044362 0.5
42.98321037437393 21.980067844602853 1.5376178936434601 2.0136615256270938 0.9814450948792567 0.19174338512044362 0.5
42.98321037437393 21.980067844602853 1.5376178936434601 2.0136615256270938 0.9814450948792567 0.19174338512044362 0.5
42.98321037437393 21.980067844602853 1.5376178936434601 2.0136615256270938 0.9814450948792567 0.19174338512044362 0.5
43.02213651875581 21.988581730251322 1.6704764596747177 2.1719438699129143 0.9861261560331628 0.16599760355878102 0.5
43.01831113952163 22.021722731894762 1.514692671763921 2.0287675838080985 0.945796413573748 0.3247601331306475 0.5
43.01831113952163 22.021722731894762 1.514692671763921 2.0287675838080985 0.945796413573748 0.3247601331306475 0.5
43.01831113952163 22.021722731894762 1.514692671763921 2.0287675838080985 0.945796413573748 0.3247601331306475 0.5
43.01831113952163 22.021722731894762 1.514692671763921 2.0287675838080985 0.945796413573748 0.3247601331306475 0.5
43.01831113952163 22.021722731894762 1.514692671763921 2.0287675838080985 0.945796413573748 0.3247601331306475 0.5
43.01831113952163 22.021722731894762 1.514692671763921 2.0287675838080985 0.945796413573748 0.3247601331306475 0.5
43.01831113952163 22.021722731894762 1.514692671763921 2.0287675838080985 0.945796413573748 0.3247601331306475 0.5
43.01831113952163 22.021722731894762 1.514692671763921 2.0287675838080985 0.945796413573748 0.3247601331306475 0.5
43.01831113952163 22.021722731894762 1.514692671763921 2.0287675838080985 0.945796413573748 0.3247601331306475 0.5
43.01831113952163 22.021722731894762 1.514692671763921 2.0287675838080985 0.945796413573748 0.3247601331306475 0.5
43.01831113952163 22.021722731894762 1.514692671763921 2.0287675838080985 0.945796413573748 0.3247601331306475 0.5
43.01831113952163 22.021722731894762 1.514692671763921 2.0287675838080985 0.945796413573748 0.3247601331306475 0.5
43.01831113952163 22.021722731894762 1.514692671763921 2.0287675838080985 0.945796413573748 0.3247601331306475 0.5
43.01831113952163 22.021722731894762 1.514692671763921 2.0287675838080985 0.945796413573748 0.3247601331306475 0.5
43.01831113952163 22.021722731894762 1.514692671763921 2.0287675838080985 0.945796413573748 0.3247601331306475 0.5
43.01831113952163 22.021722731894762 1.514692671763921 2.0287675838080985 0.945796413573748 0.3247601331306475 0.5
43.01831113952163 22.021722731894762 1.514692671763921 2.0287675838080985 0.945796413573748 0.3247601331306475 0.5
43.01831113952163 22.021722731894762 1.514692671763921 2.0287675838080985 0.945796413573748 0.3247601331306475 0.5
43.01831113952163 22.021722731894762 1.514692671763921 2.0287675838080985 0.945796413573748 0.3247601331306475 0.5
43.01831113952163 22.021722731894762 1.514692671763921 2.0287675838080985 0.945796413573748 0.3247601331306475 0.5
43.01831113952163 22.021722731894762 1.514692671763921 2.0287675838080985 0.945796413573748 0.3247601331306475 0.5
43.01831113952163 22.021722731894762 1.514692671763921 2.0287675838080985 0.945796413573748 0.3247601331306475 0.5
43.01831113952163 22.021722731894762 1.514692671763921 2.0287675838080985 0.945796413573748 0.3247601331306475 0.5
43.01831113952163 22.021722731894762 1.514692671763921 2.0287675838080985 0.945796413573748 0.3247601331306475 0.5
43.01831113952163 22.021722731894762 1.514692671763921 2.0287675838080985 0.945796413573748 0.3247601331306475 0.5
43.01831113952163 22.021722731894762 1.514692671763921 2.0287675838080985 0.945796413573748 0.3247601331306475 0.5
43.01831113952163 22.021722731894762 1.514692671763921 2.0287675838080985 0.945796413573748 0.3247601331306475 0.5
43.01831113952163 22.021722731894762 1.514692671763921 2.0287675838080985 0.945796413573748 0.3247601331306475 0.5
43.01831113952163 22.021722731894762 1.514692671763921 2.0287675838080985 0.945796413573748 0.3247601331306475 0.5
43.01831113952163 22.021722731894762 1.514692671763921 2.0287675838080985 0.945796413573748 0.3247601331306475 0.5
43.01831113952163 22.021722731894762 1.514692671763921 2.0287675838080985 0.945796413573748 0.3247601331306475 0.5
43.01831113952163 22.021722731894762 1.514692671763921 2.0287675838080985 0.945796413573748 0.3247601331306475 0.5
43.01831113952163 22.021722731894762 1.514692671763921 2.0287675838080985 0.945796413573748 0.3247601331306475 0.5
43.01831113952163 22.021722731894762 1.514692671763921 2.0287675838080985 0.945796413573748 0.3247601331306475 0.5
43.01831113952163 22.021722731894762 1.514692671763921 2.0287675838080985 0.945796413573748 0.3247601331306475 0.5
43.01831113952163 22.021722731894762 1.514692671763921 2.0287675838080985 0.945796413573748 0.3247601331306475 0.5
43.01831113952163 22.021722731894762 1.514692671763921 2.0287675838080985 0.945796413573748 0.3247601331306475 0.5
43.01831113952163 22.021722731894762 1.514692671763921 2.0287675838080985 0.945796413573748 0.3247601331306475 0.5
43.01831113952163 22.021722731894762 1.514692671763921 2.0287675838080985 0.945796413573748 0.3247601331306475 0.5
43.01831113952163 22.021722731894762 1.514692671763921 2.0287675838080985 0.945796413573748 0.3247601331306475 0.5
43.01831113952163 22.021722731894762 1.514692671763921 2.0287675838080985 0.945796413573748 0.3247601331306475 0.5
43.01831113952163 22.021722731894762 1.514692671763921 2.0287675838080985 0.945796413573748 0.3247601331306475 0.5
43.01831113952163 22.021722731894762 1.514692671763921 2.0287675838080985 0.945796413573748 0.3247601331306475 0.5
43.01831113952163 22.021722731894762 1.514692671763921 2.0287675838080985 0.945796413573748 0.3247601331306475 0.5
43.01831113952163 22.021722731894762 1.514692671763921 2.0287675838080985 0.945796413573748 0.3247601331306475 0.5
43.01831113952163 22.021722731894762 1.514692671763921 2.0287675838080985 0.945796413573748 0.3247601331306475 0.5
43.01831113952163 22.021722731894762 1.514692671763921 2.0287675838080985 0.945796413573748 0.3247601331306475 0.5
