97.32021824638909 9.20920944905227 12.127186582576748 8.643243777477696 0.05315037505002079 0.998586519852958 5
97.32021824638909 9.20920944905227 12.127186582576748 8.643243777477696 0.05315037505002079 0.998586519852958 0.5
97.32021824638909 9.20920944905227 12.127186582576748 8.643243777477696 0.05315037505002079 0.998586519852958 0.5
97.32021824638909 9.20920944905227 12.127186582576748 8.643243777477696 0.05315037505002079 0.998586519852958 0.5
97.32021824638909 9.20920944905227 12.127186582576748 8.643243777477696 0.05315037505002079 0.998586519852958 0.5
97.32021824638909 9.20920944905227 12.127186582576748 8.643243777477696 0.05315037505002079 0.998586519852958 0.5
97.32021824638909 9.20920944905227 12.127186582576748 8.643243777477696 0.05315037505002079 0.998586519852958 0.5
97.32021824638909 9.20920944905227 12.127186582576748 8.643243777477696 0.05315037505002079 0.998586519852958 0.5
97.32021824638909 9.20920944905227 12.127186582576748 8.643243777477696 0.05315037505002079 0.998586519852958 0.5
97.32021824638909 9.20920944905227 12.127186582576748 8.643243777477696 0.05315037505002079 0.998586519852958 0.5
97.32021824638909 9.20920944905227 12.127186582576748 8.643243777477696 0.05315037505002079 0.998586519852958 0.5
97.32021824638909 9.20920944905227 12.127186582576748 8.643243777477696 0.05315037505002079 0.998586519852958 0.5
97.32021824638909 9.20920944905227 12.127186582576748 8.643243777477696 0.05315037505002079 0.998586519852958 0.5
97.32021824638909 9.20920944905227 12.127186582576748 8.643243777477696 0.05315037505002079 0.998586519852958 0.5
97.32021824638909 9.20920944905227 12.127186582576748 8.643243777477696 0.05315037505002079 0.998586519852958 0.5
97.32021824638909 9.20920944905227 12.127186582576748 8.643243777477696 0.05315037505002079 0.998586519852958 0.5
97.32021824638909 9.20920944905227 12.127186582576748 8.643243777477696 0.05315037505002079 0.998586519852958 0.5
97.32021824638909 9.20920944905227 12.127186582576748 8.643243777477696 0.05315037505002079 0.998586519852958 0.5
97.32021824638909 9.20920944905227 12.127186582576748 8.643243777477696 0.05315037505002079 0.998586519852958 0.5
97.32021824638909 9.20920944905227 12.127186582576748 8.643243777477696 0.05315037505002079 0.998586519852958 0.5
97.32021824638909 9.20920944905227 12.127186582576748 8.643243777477696 0.05315037505002079 0.998586519852958 0.5
97.32021824638909 9.20920944905227 12.127186582576748 8.643243777477696 0.05315037505002079 0.998586519852958 0.5
97.32021824638909 9.20920944905227 12.127186582576748 8.643243777477696 0.05315037505002079 0.998586519852958 0.5
97.32021824638909 9.20920944905227 12.127186582576748 8.643243777477696 0.05315037505002079 0.998586519852958 0.5
97.32021824638909 9.20920944905227 12.127186582576748 8.643243777477696 0.05315037505002079 0.998586519852958 0.5
97.32021824638909 9.20920944905227 12.127186582576748 8.643243777477696 0.05315037505002079 0.998586519852958 0.5
97.32021824638909 9.20920944905227 12.127186582576748 8.643243777477696 0.05315037505002079 0.998586519852958 0.5
97.32021824638909 9.20920944905227 12.127186582576748 8.643243777477696 0.05315037505002079 0.998586519852958 0.5
97.32021824638909 9.20920944905227 12.127186582576748 8.643243777477696 0.05315037505002079 0.998586519852958 0.5
97.32021824638909 9.20920944905227 12.127186582576748 8.643243777477696 0.05315037505002079 0.998586519852958 0.5
97.32021824638909 9.20920944905227 12.127186582576748 8.643243777477696 0.05315037505002079 0.998586519852958 0.5
97.32021824638909 9.20920944905227 12.127186582576748 8.643243777477696 0.05315037505002079 0.998586519852958 0.5
97.32021824638909 9.20920944905227 12.127186582576748 8.643243777477696 0.05315037505002079 0.998586519852958 0.5
97.32021824638909 9.20920944905227 12.127186582576748 8.643243777477696 0.05315037505002079 0.998586519852958 0.5
97.32021824638909 9.20920944905227 12.127186582576748 8.643243777477696 0.05315037505002079 0.998586519852958 0.5
97.32021824638909 9.20920944905227 12.127186582576748 8.643243777477696 0.05315037505002079 0.998586519852958 0.5
97.32021824638909 9.20920944905227 12.127186582576748 8.643243777477696 0.05315037505002079 0.998586519852958 0.5
97.32021824638909 9.20920944905227 12.127186582576748 8.643243777477696 0.05315037505002079 0.998586519852958 0.5
97.32021824638909 9.20920944905227 12.127186582576748 8.643243777477696 0.05315037505002079 0.998586519852958 0.5
97.32021824638909 9.20920944905227 12.127186582576748 8.643243777477696 0.05315037505002079 0.998586519852958 0.5
97.32021824638909 9.20920944905227 12.127186582576748 8.643243777477696 0.05315037505002079 0.998586519852958 0.5
97.32021824638909 9.20920944905227 12.127186582576748 8.643243777477696 0.05315037505002079 0.998586519852958 0.5
97.32021824638909 9.20920944905227 12.127186582576748 8.643243777477696 0.05315037505002079 0.998586519852958 0.5
97.32021824638909 9.20920944905227 12.127186582576748 8.643243777477696 0.05315037505002079 0.998586519852958 0.5
97.32021824638909 9.20920944905227 12.127186582576748 8.643243777477696 0.05315037505002079 0.998586519852958 0.5
97.32021824638909 9.20920944905227 12.127186582576748 8.643243777477696 0.05315037505002079 0.998586519852958 0.5
96.94825442494611 8.991117440645262 12.59478845928624 4.195191756135888 0.021460043646228975 0.9997697067458595 0.5
96.95951532884483 9.021455340611041 12.334952681018141 2.8867726647311183 0.041201918585921475 0.9991508404164203 0.5
96.96169086481495 9.006012490423908 12.665619133097483 2.3846899521142615 0.027656177919121318 0.9996174947563222 0.5
96.98490483176982 8.991521588142326 4.975848061440734 2.502013267088066 0.11975958917734053 0.9928029214300664 0.5
96.96043802044024 9.032635476261655 3.806577319184468 2.3216000861736776 0.19124233269630453 0.981542851935093 0.5
96.95715979488224 9.036231586999257 3.134100196328306 2.083345852686767 0.10772516802879206 0.9941807120303474 0.5
97.02703235156255 9.024035928114424 3.0990028503647973 1.859055138737793 0.057209853375446276 0.9983621751031837 0.5
96.96522300119607 9.00562279472781 2.8775840244072732 1.563163864220702 0.17038853123742084 0.9853769575257757 0.5
96.99673870624518 8.994556505574387 2.7902922897464144 1.4747125955275373 0.23084475744967017 0.9729905949997683 0.5
97.012274814046 8.951538493049934 2.997017807115908 1.3881274594576425 0.16167381173176126 0.9868442524533053 0.5
96.96770397508517 8.978755212864252 2.6256403076242933 1.3581930317424864 0.2156269891860277 0.9764758069376674 0.5
97.01231419864645 8.965359298424303 2.3479801177398794 1.4998180928706761 0.25724326391620117 0.9663466785629988 0.5
96.9805343615203 8.986083601728671 2.1647804712610568 1.4491789037782457 0.24649730658865307 0.9691434763978652 0.5
97.01745179690799 9.003339261278857 2.0158108933905625 1.3956300459512412 0.3218075644287964 0.9468050968791867 0.5
97.01310770899559 8.995780357185248 2.0346564390722346 1.271724668632102 0.38154587086273567 0.9243499058406381 0.5
97.01310770899559 8.995780357185248 2.0346564390722346 1.271724668632102 0.38154587086273567 0.9243499058406381 0.5
97.01310770899559 8.995780357185248 2.0346564390722346 1.271724668632102 0.38154587086273567 0.9243499058406381 0.5
97.01310770899559 8.995780357185248 2.0346564390722346 1.271724668632102 0.38154587086273567 0.9243499058406381 0.5
97.01310770899559 8.995780357185248 2.0346564390722346 1.271724668632102 0.38154587086273567 0.9243499058406381 0.5
97.01310770899559 8.995780357185248 2.0346564390722346 1.271724668632102 0.38154587086273567 0.9243499058406381 0.5
97.01310770899559 8.995780357185248 2.0346564390722346 1.271724668632102 0.38154587086273567 0.9243499058406381 0.5
97.01310770899559 8.995780357185248 2.0346564390722346 1.271724668632102 0.38154587086273567 0.9243499058406381 0.5
97.01310770899559 8.995780357185248 2.0346564390722346 1.271724668632102 0.38154587086273567 0.9243499058406381 0.5
97.01310770899559 8.995780357185248 2.0346564390722346 1.271724668632102 0.38154587086273567 0.9243499058406381 0.5
97.01310770899559 8.995780357185248 2.0346564390722346 1.271724668632102 0.38154587086273567 0.9243499058406381 0.5
97.01310770899559 8.995780357185248 2.0346564390722346 1.271724668632102 0.38154587086273567 0.9243499058406381 0.5
97.01310770899559 8.995780357185248 2.0346564390722346 1.271724668632102 0.38154587086273567 0.9243499058406381 0.5
97.01310770899559 8.995780357185248 2.0346564390722346 1.271724668632102 0.38154587086273567 0.9243499058406381 0.5
97.01876698312154 8.995857816525909 1.8730678327803072 1.202245485711876 0.37439985658105956 0.9272673548616289 0.5
96.99184219410589 9.006700608696582 1.7870517854546892 1.2474596260611492 0.3247653680018976 0.9457946160486388 0.5
96.97957292241009 9.006496413536786 1.7249257712427624 1.1374742037996746 0.25024811343121045 0.9681817400282449 0.5
96.97957292241009 9.006496413536786 1.7249257712427624 1.1374742037996746 0.25024811343121045 0.9681817400282449 0.5
96.97957292241009 9.006496413536786 1.7249257712427624 1.1374742037996746 0.25024811343121045 0.9681817400282449 0.5
96.97957292241009 9.006496413536786 1.7249257712427624 1.1374742037996746 0.25024811343121045 0.9681817400282449 0.5
96.97957292241009 9.006496413536786 1.7249257712427624 1.1374742037996746 0.25024811343121045 0.9681817400282449 0.5
96.97957292241009 9.006496413536786 1.7249257712427624 1.1374742037996746 0.25024811343121045 0.9681817400282449 0.5
96.97957292241009 9.006496413536786 1.7249257712427624 1.1374742037996746 0.25024811343121045 0.9681817400282449 0.5
96.97957292241009 9.006496413536786 1.7249257712427624 1.1374742037996746 0.25024811343121045 0.9681817400282449 0.5
96.97957292241009 9.006496413536786 1.7249257712427624 1.1374742037996746 0.25024811343121045 0.9681817400282449 0.5
96.97957292241009 9.006496413536786 1.7249257712427624 1.1374742037996746 0.25024811343121045 0.9681817400282449 0.5
96.97957292241009 9.006496413536786 1.7249257712427624 1.1374742037996746 0.25024811343121045 0.9681817400282449 0.5
96.97957292241009 9.006496413536786 1.7249257712427624 1.1374742037996746 0.25024811343121045 0.9681817400282449 0.5
96.99095290732552 9.012630729379106 1.7036923488083704 1.0862163066194865 0.2940101252998687 0.9558023049884089 0.5
96.99095290732552 9.012630729379106 1.7036923488083704 1.0862163066194865 0.2940101252998687 0.9558023049884089 0.5
96.99095290732552 9.012630729379106 1.7036923488083704 1.0862163066194865 0.2940101252998687 0.9558023049884089 0.5
96.99095290732552 9.012630729379106 1.7036923488083704 1.0862163066194865 0.2940101252998687 0.9558023049884089 0.5
96.99095290732552 9.012630729379106 1.7036923488083704 1.0862163066194865 0.2940101252998687 0.9558023049884089 0.5
96.99095290732552 9.012630729379106 1.7036923488083704 1.0862163066194865 0.2940101252998687 0.9558023049884089 0.5
96.99095290732552 9.012630729379106 1.7036923488083704 1.0862163066194865 0.2940101252998687 0.9558023049884089 0.5
96.99095290732552 9.012630729379106 1.7036923488083704 1.0862163066194865 0.2940101252998687 0.9558023049884089 0.5
96.99095290732552 9.012630729379106 1.7036923488083704 1.0862163066194865 0.2940101252998687 0.9558023049884089 0.5
96.99095290732552 9.012630729379106 1.7036923488083704 1.0862163066194865 0.2940101252998687 0.9558023049884089 0.5
96.99095290732552 9.012630729379106 1.7036923488083704 1.0862163066194865 0.2940101252998687 0.9558023049884089 0.5
96.99095290732552 9.012630729379106 1.7036923488083704 1.0862163066194865 0.2940101252998687 0.9558023049884089 0.5
96.99095290732552 9.012630729379106 1.7036923488083704 1.0862163066194865 0.2940101252998687 0.9558023049884089 0.5
96.99095290732552 9.012630729379106 1.7036923488083704 1.0862163066194865 0.2940101252998687 0.9558023049884089 0.5
96.99095290732552 9.012630729379106 1.7036923488083704 1.0862163066194865 0.2940101252998687 0.9558023049884089 0.5
96.99095290732552 9.012630729379106 1.7036923488083704 1.0862163066194865 0.2940101252998687 0.9558023049884089 0.5
96.99095290732552 9.012630729379106 1.7036923488083704 1.0862163066194865 0.2940101252998687 0.9558023049884089 0.5
96.99095290732552 9.012630729379106 1.7036923488083704 1.0862163066194865 0.2940101252998687 0.9558023049884089 0.5
96.99095290732552 9.012630729379106 1.7036923488083704 1.0862163066194865 0.2940101252998687 0.9558023049884089 0.5
