100.08063837307982 90.9891271353374 8.663904174486962 8.281243440538969 0.3469807422546372 0.9378722538301371 5
100.08063837307982 90.9891271353374 8.663904174486962 8.281243440538969 0.3469807422546372 0.9378722538301371 0.5
100.08063837307982 90.9891271353374 8.663904174486962 8.281243440538969 0.3469807422546372 0.9378722538301371 0.5
100.08063837307982 90.9891271353374 8.663904174486962 8.281243440538969 0.3469807422546372 0.9378722538301371 0.5
100.08063837307982 90.9891271353374 8.663904174486962 8.281243440538969 0.3469807422546372 0.9378722538301371 0.5
100.08063837307982 90.9891271353374 8.663904174486962 8.281243440538969 0.3469807422546372 0.9378722538301371 0.5
100.08063837307982 90.9891271353374 8.663904174486962 8.281243440538969 0.3469807422546372 0.9378722538301371 0.5
100.08063837307982 90.9891271353374 8.663904174486962 8.281243440538969 0.3469807422546372 0.9378722538301371 0.5
100.08063837307982 90.9891271353374 8.663904174486962 8.281243440538969 0.3469807422546372 0.9378722538301371 0.5
100.08063837307982 90.9891271353374 8.663904174486962 8.281243440538969 0.3469807422546372 0.9378722538301371 0.5
100.08063837307982 90.9891271353374 8.663904174486962 8.281243440538969 0.3469807422546372 0.9378722538301371 0.5
100.08063837307982 90.9891271353374 8.663904174486962 8.281243440538969 0.3469807422546372 0.9378722538301371 0.5
100.08063837307982 90.9891271353374 8.663904174486962 8.281243440538969 0.3469807422546372 0.9378722538301371 0.5
100.08063837307982 90.9891271353374 8.663904174486962 8.281243440538969 0.3469807422546372 0.9378722538301371 0.5
100.08063837307982 90.9891271353374 8.663904174486962 8.281243440538969 0.3469807422546372 0.9378722538301371 0.5
100.08063837307982 90.9891271353374 8.663904174486962 8.281243440538969 0.3469807422546372 0.9378722538301371 0.5
100.08063837307982 90.9891271353374 8.663904174486962 8.281243440538969 0.3469807422546372 0.9378722538301371 0.5
100.08063837307982 90.9891271353374 8.663904174486962 8.281243440538969 0.3469807422546372 0.9378722538301371 0.5
100.08063837307982 90.9891271353374 8.663904174486962 8.281243440538969 0.3469807422546372 0.9378722538301371 0.5
100.08063837307982 90.9891271353374 8.663904174486962 8.281243440538969 0.3469807422546372 0.9378722538301371 0.5
100.08063837307982 90.9891271353374 8.663904174486962 8.281243440538969 0.3469807422546372 0.9378722538301371 0.5
100.08063837307982 90.9891271353374 8.663904174486962 8.281243440538969 0.3469807422546372 0.9378722538301371 0.5
99.90318394263187 90.97408422932796 8.256274238199588 3.636448121826407 0.1898290053052484 0.9818171666582429 0.5
99.9614487999665 91.00393471896244 8.154866702530757 2.5636474104856006 0.2812982656957653 0.9596203862551872 0.5
99.99466057853742 91.01454487369931 7.610424540815674 2.2383538209115077 0.31057928908238724 0.9505474765592085 0.5
100.0354171844299 90.98508743207796 7.429406190551248 2.1816469224957777 0.31871770634755536 0.9478496841063743 0.5
99.98613371176143 91.00295702249261 7.814088331428009 1.8882218076796824 0.31762471977076484 0.9482165034371334 0.5
100.02728930430379 90.97851615954447 1.856896023378703 4.051325934402152 0.9394206763538412 0.3427663823056332 0.5
99.96144705356171 91.02245640781149 1.687392665114575 3.5948122263051117 0.9451457325751895 0.3266489617232975 0.5
99.98498849654911 90.99887808969734 1.6661155209620906 2.885531374132374 0.9574216322279389 0.2886932942449294 0.5
99.98498849654911 90.99887808969734 1.6661155209620906 2.885531374132374 0.9574216322279389 0.2886932942449294 0.5
100.02874439784148 90.989570613162 1.6218754714547887 2.8390555369263346 0.9358288235473965 0.3524548382671117 0.5
100.02874439784148 90.989570613162 1.6218754714547887 2.8390555369263346 0.9358288235473965 0.3524548382671117 0.5
100.02874439784148 90.989570613162 1.6218754714547887 2.8390555369263346 0.9358288235473965 0.3524548382671117 0.5
100.02874439784148 90.989570613162 1.6218754714547887 2.8390555369263346 0.9358288235473965 0.3524548382671117 0.5
100.02874439784148 90.989570613162 1.6218754714547887 2.8390555369263346 0.9358288235473965 0.3524548382671117 0.5
100.02874439784148 90.989570613162 1.6218754714547887 2.8390555369263346 0.9358288235473965 0.3524548382671117 0.5
100.02874439784148 90.989570613162 1.6218754714547887 2.8390555369263346 0.9358288235473965 0.3524548382671117 0.5
100.02874439784148 90.989570613162 1.6218754714547887 2.8390555369263346 0.9358288235473965 0.3524548382671117 0.5
100.02874439784148 90.989570613162 1.6218754714547887 2.8390555369263346 0.9358288235473965 0.3524548382671117 0.5
100.02874439784148 90.989570613162 1.6218754714547887 2.8390555369263346 0.9358288235473965 0.3524548382671117 0.5
100.02874439784148 90.989570613162 1.6218754714547887 2.8390555369263346 0.9358288235473965 0.3524548382671117 0.5
100.02874439784148 90.989570613162 1.6218754714547887 2.8390555369263346 0.9358288235473965 0.3524548382671117 0.5
100.02874439784148 90.989570613162 1.6218754714547887 2.8390555369263346 0.9358288235473965 0.3524548382671117 0.5
100.02874439784148 90.989570613162 1.6218754714547887 2.8390555369263346 0.9358288235473965 0.3524548382671117 0.5
100.02874439784148 90.989570613162 1.6218754714547887 2.8390555369263346 0.9358288235473965 0.3524548382671117 0.5
99.98675828250991 91.00465143546018 1.5238957518162406 2.860417611916112 0.9278780926079656 0.37288368864594185 0.5
99.98420129361766 91.01278599949586 1.5145798409596045 2.4975210887847292 0.9654555028309141 0.2605679797164395 0.5
100.0000924578428 90.99337381723676 1.273322459445792 2.4930942507406684 0.9630411496739619 0.26935430947852634 0.5
99.95725059595006 91.04028708897913 1.299236366227098 2.347083982370205 0.9490512175045387 0.3151218598465565 0.5
99.95686830517153 90.99840295231395 1.3605691217559261 1.8556357918359445 0.9425489878135431 0.33406796549753964 0.5
99.99627611099804 90.95753517229376 2.023470667564402 1.2744212103877115 0.32896194278923396 0.9443431792501774 0.5
99.99479418392144 91.01250075423145 1.8089831135154646 1.3246142207580007 0.2968148045118996 0.9549350615735935 0.5
99.98719265130863 91.0084348196804 1.9015723469412789 1.2453609503696723 0.2649092142533455 0.9642733576137397 0.5
99.98719265130863 91.0084348196804 1.9015723469412789 1.2453609503696723 0.2649092142533455 0.9642733576137397 0.5
99.98719265130863 91.0084348196804 1.9015723469412789 1.2453609503696723 0.2649092142533455 0.9642733576137397 0.5
99.98719265130863 91.0084348196804 1.9015723469412789 1.2453609503696723 0.2649092142533455 0.9642733576137397 0.5
99.98719265130863 91.0084348196804 1.9015723469412789 1.2453609503696723 0.2649092142533455 0.9642733576137397 0.5
99.98719265130863 91.0084348196804 1.9015723469412789 1.2453609503696723 0.2649092142533455 0.9642733576137397 0.5
100.01166788643248 90.98237721286824 1.7096303107488486 1.250210047935249 0.2276402994496495 0.9737452921922005 0.5
100.01166788643248 90.98237721286824 1.7096303107488486 1.250210047935249 0.2276402994496495 0.9737452921922005 0.5
100.01166788643248 90.98237721286824 1.7096303107488486 1.250210047935249 0.2276402994496495 0.9737452921922005 0.5
100.01166788643248 90.98237721286824 1.7096303107488486 1.250210047935249 0.2276402994496495 0.9737452921922005 0.5
100.01166788643248 90.98237721286824 1.7096303107488486 1.250210047935249 0.2276402994496495 0.9737452921922005 0.5
100.01166788643248 90.98237721286824 1.7096303107488486 1.250210047935249 0.2276402994496495 0.9737452921922005 0.5
100.01166788643248 90.98237721286824 1.7096303107488486 1.250210047935249 0.2276402994496495 0.9737452921922005 0.5
100.01166788643248 90.98237721286824 1.7096303107488486 1.250210047935249 0.2276402994496495 0.9737452921922005 0.5
100.01166788643248 90.98237721286824 1.7096303107488486 1.250210047935249 0.2276402994496495 0.9737452921922005 0.5
100.01166788643248 90.98237721286824 1.7096303107488486 1.250210047935249 0.2276402994496495 0.9737452921922005 0.5
100.01166788643248 90.98237721286824 1.7096303107488486 1.250210047935249 0.2276402994496495 0.9737452921922005 0.5
100.01166788643248 90.98237721286824 1.7096303107488486 1.250210047935249 0.2276402994496495 0.9737452921922005 0.5
100.01166788643248 90.98237721286824 1.7096303107488486 1.250210047935249 0.2276402994496495 0.9737452921922005 0.5
100.01166788643248 90.98237721286824 1.7096303107488486 1.250210047935249 0.2276402994496495 0.9737452921922005 0.5
100.01166788643248 90.98237721286824 1.7096303107488486 1.250210047935249 0.2276402994496495 0.9737452921922005 0.5
100.01166788643248 90.98237721286824 1.7096303107488486 1.250210047935249 0.2276402994496495 0.9737452921922005 0.5
100.0011123895847 91.00548743456949 1.7443576458107513 1.1281654711537008 0.26714477111757534 0.9636564072658564 0.5
99.96234889917305 91.02328808134193 1.764545117631906 1.0551001656369214 0.33777824955350716 0.9412257190114222 0.5
100.00377026157292 91.00056378847448 1.8112388350469364 1.0337607350500897 0.30524127362313874 0.9522750468624724 0.5
100.02296835845463 91.00713598004366 1.7630049919002062 0.9624804518593554 0.29769336413080705 0.9546615426173208 0.5
100.01186592226877 90.98083934415835 1.7264949692725309 0.9955445790294026 0.3016713956013361 0.9534119618905262 0.5
99.99576614977659 91.01440850737362 1.5976788059067584 0.9768266532347087 0.32667211708532573 0.9451377296029353 0.5
99.99576614977659 91.01440850737362 1.5976788059067584 0.9768266532347087 0.32667211708532573 0.9451377296029353 0.5
99.99576614977659 91.01440850737362 1.5976788059067584 0.9768266532347087 0.32667211708532573 0.9451377296029353 0.5
99.99576614977659 91.01440850737362 1.5976788059067584 0.9768266532347087 0.32667211708532573 0.9451377296029353 0.5
99.99576614977659 91.01440850737362 1.5976788059067584 0.9768266532347087 0.32667211708532573 0.9451377296029353 0.5
99.99576614977659 91.01440850737362 1.5976788059067584 0.9768266532347087 0.32667211708532573 0.9451377296029353 0.5
99.99576614977659 91.01440850737362 1.5976788059067584 0.9768266532347087 0.32667211708532573 0.9451377296029353 0.5
99.99576614977659 91.01440850737362 1.5976788059067584 0.9768266532347087 0.32667211708532573 0.9451377296029353 0.5
100.00091978327913 90.99445723483437 1.5977085354916838 0.913104135509996 0.3675515309477223 0.9300031570365692 0.5
99.99773817396039 90.99396792365424 1.5065457602523211 0.9826938523212965 0.30672628957517867 0.9517977638571355 0.5
99.99773817396039 90.99396792365424 1.5065457602523211 0.9826938523212965 0.30672628957517867 0.9517977638571355 0.5
99.99773817396039 90.99396792365424 1.5065457602523211 0.9826938523212965 0.30672628957517867 0.9517977638571355 0.5
99.99773817396039 90.99396792365424 1.5065457602523211 0.9826938523212965 0.30672628957517867 0.9517977638571355 0.5
99.99773817396039 90.99396792365424 1.5065457602523211 0.9826938523212965 0.30672628957517867 0.9517977638571355 0.5
99.99773817396039 90.99396792365424 1.5065457602523211 0.9826938523212965 0.30672628957517867 0.9517977638571355 0.5
99.99773817396039 90.99396792365424 1.5065457602523211 0.9826938523212965 0.30672628957517867 0.9517977638571355 0.5
99.99773817396039 90.99396792365424 1.5065457602523211 0.9826938523212965 0.30672628957517867 0.9517977638571355 0.5
99.99773817396039 90.99396792365424 1.5065457602523211 0.9826938523212965 0.30672628957517867 0.9517977638571355 0.5
99.99773817396039 90.99396792365424 1.5065457602523211 0.9826938523212965 0.30672628957517867 0.9517977638571355 0.5
99.99773817396039 90.99396792365424 1.5065457602523211 0.9826938523212965 0.30672628957517867 0.9517977638571355 0.5
99.99773817396039 90.99396792365424 1.5065457602523211 0.9826938523212965 0.30672628957517867 0.9517977638571355 0.5
99.99773817396039 90.99396792365424 1.5065457602523211 0.9826938523212965 0.30672628957517867 0.9517977638571355 0.5
99.99773817396039 90.99396792365424 1.5065457602523211 0.9826938523212965 0.30672628957517867 0.9517977638571355 0.5
99.99773817396039 90.99396792365424 1.5065457602523211 0.9826938523212965 0.30672628957517867 0.9517977638571355 0.5
99.99773817396039 90.99396792365424 1.5065457602523211 0.9826938523212965 0.30672628957517867 0.9517977638571355 0.5
99.99773817396039 90.99396792365424 1.5065457602523211 0.9826938523212965 0.30672628957517867 0.9517977638571355 0.5
99.99773817396039 90.99396792365424 1.5065457602523211 0.9826938523212965 0.30672628957517867 0.9517977638571355 0.5
