135.0562308051859 94.96423264481062 8.333428258712216 8.108439629316461 0.015028575076188664 0.999887064588386 5
135.0562308051859 94.96423264481062 8.333428258712216 8.108439629316461 0.015028575076188664 0.999887064588386 0.5
135.0562308051859 94.96423264481062 8.333428258712216 8.108439629316461 0.015028575076188664 0.999887064588386 0.5
135.0562308051859 94.96423264481062 8.333428258712216 8.108439629316461 0.015028575076188664 0.999887064588386 0.5
135.0562308051859 94.96423264481062 8.333428258712216 8.108439629316461 0.015028575076188664 0.999887064588386 0.5
135.0562308051859 94.96423264481062 8.333428258712216 8.108439629316461 0.015028575076188664 0.999887064588386 0.5
135.0562308051859 94.96423264481062 8.333428258712216 8.108439629316461 0.015028575076188664 0.999887064588386 0.5
135.0562308051859 94.96423264481062 8.333428258712216 8.108439629316461 0.015028575076188664 0.999887064588386 0.5
135.0562308051859 94.96423264481062 8.333428258712216 8.108439629316461 0.015028575076188664 0.999887064588386 0.5
135.0562308051859 94.96423264481062 8.333428258712216 8.108439629316461 0.015028575076188664 0.999887064588386 0.5
135.0562308051859 94.96423264481062 8.333428258712216 8.108439629316461 0.015028575076188664 0.999887064588386 0.5
135.0562308051859 94.96423264481062 8.333428258712216 8.108439629316461 0.015028575076188664 0.999887064588386 0.5
135.0562308051859 94.96423264481062 8.333428258712216 8.108439629316461 0.015028575076188664 0.999887064588386 0.5
135.0562308051859 94.96423264481062 8.333428258712216 8.108439629316461 0.015028575076188664 0.999887064588386 0.5
135.0562308051859 94.96423264481062 8.333428258712216 8.108439629316461 0.015028575076188664 0.999887064588386 0.5
135.0562308051859 94.96423264481062 8.333428258712216 8.108439629316461 0.015028575076188664 0.999887064588386 0.5
135.0562308051859 94.96423264481062 8.333428258712216 8.108439629316461 0.015028575076188664 0.999887064588386 0.5
135.0562308051859 94.96423264481062 8.333428258712216 8.108439629316461 0.015028575076188664 0.999887064588386 0.5
135.0562308051859 94.96423264481062 8.333428258712216 8.108439629316461 0.015028575076188664 0.999887064588386 0.5
135.0562308051859 94.96423264481062 8.333428258712216 8.108439629316461 0.015028575076188664 0.999887064588386 0.5
135.0562308051859 94.96423264481062 8.333428258712216 8.108439629316461 0.015028575076188664 0.999887064588386 0.5
135.0562308051859 94.96423264481062 8.333428258712216 8.108439629316461 0.015028575076188664 0.999887064588386 0.5
135.0562308051859 94.96423264481062 8.333428258712216 8.108439629316461 0.015028575076188664 0.999887064588386 0.5
135.0562308051859 94.96423264481062 8.333428258712216 8.108439629316461 0.015028575076188664 0.999887064588386 0.5
135.0562308051859 94.96423264481062 8.333428258712216 8.108439629316461 0.015028575076188664 0.999887064588386 0.5
135.0562308051859 94.96423264481062 8.333428258712216 8.108439629316461 0.015028575076188664 0.999887064588386 0.5
135.0562308051859 94.96423264481062 8.333428258712216 8.108439629316461 0.015028575076188664 0.999887064588386 0.5
135.0562308051859 94.96423264481062 8.333428258712216 8.108439629316461 0.015028575076188664 0.999887064588386 0.5
135.0562308051859 94.96423264481062 8.333428258712216 8.108439629316461 0.015028575076188664 0.999887064588386 0.5
135.0562308051859 94.96423264481062 8.333428258712216 8.108439629316461 0.015028575076188664 0.999887064588386 0.5
135.0562308051859 94.96423264481062 8.333428258712216 8.108439629316461 0.015028575076188664 0.999887064588386 0.5
135.0562308051859 94.96423264481062 8.333428258712216 8.108439629316461 0.015028575076188664 0.999887064588386 0.5
135.0562308051859 94.96423264481062 8.333428258712216 8.108439629316461 0.015028575076188664 0.999887064588386 0.5
135.0562308051859 94.96423264481062 8.333428258712216 8.108439629316461 0.015028575076188664 0.999887064588386 0.5
135.0562308051859 94.96423264481062 8.333428258712216 8.108439629316461 0.015028575076188664 0.999887064588386 0.5
135.0562308051859 94.96423264481062 8.333428258712216 8.108439629316461 0.015028575076188664 0.999887064588386 0.5
135.0562308051859 94.96423264481062 8.333428258712216 8.108439629316461 0.015028575076188664 0.999887064588386 0.5
135.0562308051859 94.96423264481062 8.333428258712216 8.108439629316461 0.015028575076188664 0.999887064588386 0.5
135.0562308051859 94.96423264481062 8.333428258712216 8.108439629316461 0.015028575076188664 0.999887064588386 0.5
135.0562308051859 94.96423264481062 8.333428258712216 8.108439629316461 0.015028575076188664 0.999887064588386 0.5
135.0562308051859 94.96423264481062 8.333428258712216 8.108439629316461 0.015028575076188664 0.999887064588386 0.5
135.0562308051859 94.96423264481062 8.333428258712216 8.108439629316461 0.015028575076188664 0.999887064588386 0.5
135.0562308051859 94.96423264481062 8.333428258712216 8.108439629316461 0.015028575076188664 0.999887064588386 0.5
135.0562308051859 94.96423264481062 8.333428258712216 8.108439629316461 0.015028575076188664 0.999887064588386 0.5
135.0562308051859 94.96423264481062 8.333428258712216 8.108439629316461 0.015028575076188664 0.999887064588386 0.5
135.0562308051859 94.96423264481062 8.333428258712216 8.108439629316461 0.015028575076188664 0.999887064588386 0.5
135.0562308051859 94.96423264481062 8.333428258712216 8.108439629316461 0.015028575076188664 0.999887064588386 0.5
135.0562308051859 94.96423264481062 8.333428258712216 8.108439629316461 0.015028575076188664 0.999887064588386 0.5
135.0562308051859 94.96423264481062 8.333428258712216 8.108439629316461 0.015028575076188664 0.999887064588386 0.5
135.0562308051859 94.96423264481062 8.333428258712216 8.108439629316461 0.015028575076188664 0.999887064588386 0.5
135.0562308051859 94.96423264481062 8.333428258712216 8.108439629316461 0.015028575076188664 0.999887064588386 0.5
135.0562308051859 94.96423264481062 8.333428258712216 8.108439629316461 0.015028575076188664 0.999887064588386 0.5
135.0562308051859 94.96423264481062 8.333428258712216 8.108439629316461 0.015028575076188664 0.999887064588386 0.5
135.0562308051859 94.96423264481062 8.333428258712216 8.108439629316461 0.015028575076188664 0.999887064588386 0.5
135.0562308051859 94.96423264481062 8.333428258712216 8.108439629316461 0.015028575076188664 0.999887064588386 0.5
135.0562308051859 94.96423264481062 8.333428258712216 8.108439629316461 0.015028575076188664 0.999887064588386 0.5
135.0562308051859 94.96423264481062 8.333428258712216 8.108439629316461 0.015028575076188664 0.999887064588386 0.5
135.0562308051859 94.96423264481062 8.333428258712216 8.108439629316461 0.015028575076188664 0.999887064588386 0.5
135.0562308051859 94.96423264481062 8.333428258712216 8.108439629316461 0.015028575076188664 0.999887064588386 0.5
135.0562308051859 94.96423264481062 8.333428258712216 8.108439629316461 0.015028575076188664 0.999887064588386 0.5
135.0562308051859 94.96423264481062 8.333428258712216 8.108439629316461 0.015028575076188664 0.999887064588386 0.5
135.0562308051859 94.96423264481062 8.333428258712216 8.108439629316461 0.015028575076188664 0.999887064588386 0.5
135.0562308051859 94.96423264481062 8.333428258712216 8.108439629316461 0.015028575076188664 0.999887064588386 0.5
135.0562308051859 94.96423264481062 8.333428258712216 8.108439629316461 0.015028575076188664 0.999887064588386 0.5
135.0562308051859 94.96423264481062 8.333428258712216 8.108439629316461 0.015028575076188664 0.999887064588386 0.5
135.0562308051859 94.96423264481062 8.333428258712216 8.108439629316461 0.015028575076188664 0.999887064588386 0.5
135.0562308051859 94.96423264481062 8.333428258712216 8.108439629316461 0.015028575076188664 0.999887064588386 0.5
135.0562308051859 94.96423264481062 8.333428258712216 8.108439629316461 0.015028575076188664 0.999887064588386 0.5
135.0562308051859 94.96423264481062 8.333428258712216 8.108439629316461 0.015028575076188664 0.999887064588386 0.5
135.0562308051859 94.96423264481062 8.333428258712216 8.108439629316461 0.015028575076188664 0.999887064588386 0.5
135.0562308051859 94.96423264481062 8.333428258712216 8.108439629316461 0.015028575076188664 0.999887064588386 0.5
135.0562308051859 94.96423264481062 8.333428258712216 8.108439629316461 0.015028575076188664 0.999887064588386 0.5
135.0562308051859 94.96423264481062 8.333428258712216 8.108439629316461 0.015028575076188664 0.999887064588386 0.5
135.0562308051859 94.96423264481062 8.333428258712216 8.108439629316461 0.015028575076188664 0.999887064588386 0.5
135.0562308051859 94.96423264481062 8.333428258712216 8.108439629316461 0.015028575076188664 0.999887064588386 0.5
135.0562308051859 94.96423264481062 8.333428258712216 8.108439629316461 0.015028575076188664 0.999887064588386 0.5
135.0562308051859 94.96423264481062 8.333428258712216 8.108439629316461 0.015028575076188664 0.999887064588386 0.5
135.0562308051859 94.96423264481062 8.333428258712216 8.108439629316461 0.015028575076188664 0.999887064588386 0.5
135.0562308051859 94.96423264481062 8.333428258712216 8.108439629316461 0.015028575076188664 0.999887064588386 0.5
135.0562308051859 94.96423264481062 8.333428258712216 8.108439629316461 0.015028575076188664 0.999887064588386 0.5
135.0562308051859 94.96423264481062 8.333428258712216 8.108439629316461 0.015028575076188664 0.999887064588386 0.5
135.0562308051859 94.96423264481062 8.333428258712216 8.108439629316461 0.015028575076188664 0.999887064588386 0.5
135.0562308051859 94.96423264481062 8.333428258712216 8.108439629316461 0.015028575076188664 0.999887064588386 0.5
135.0562308051859 94.96423264481062 8.333428258712216 8.108439629316461 0.015028575076188664 0.999887064588386 0.5
135.0562308051859 94.96423264481062 8.333428258712216 8.108439629316461 0.015028575076188664 0.999887064588386 0.5
135.0562308051859 94.96423264481062 8.333428258712216 8.108439629316461 0.015028575076188664 0.999887064588386 0.5
135.0562308051859 94.96423264481062 8.333428258712216 8.108439629316461 0.015028575076188664 0.999887064588386 0.5
135.0562308051859 94.96423264481062 8.333428258712216 8.108439629316461 0.015028575076188664 0.999887064588386 0.5
135.0562308051859 94.96423264481062 8.333428258712216 8.108439629316461 0.015028575076188664 0.999887064588386 0.5
135.0562308051859 94.96423264481062 8.333428258712216 8.108439629316461 0.015028575076188664 0.999887064588386 0.5
135.0562308051859 94.96423264481062 8.333428258712216 8.108439629316461 0.015028575076188664 0.999887064588386 0.5
135.0562308051859 94.96423264481062 8.333428258712216 8.108439629316461 0.015028575076188664 0.999887064588386 0.5
135.0562308051859 94.96423264481062 8.333428258712216 8.108439629316461 0.015028575076188664 0.999887064588386 0.5
134.95566588992332 94.95250282287616 3.5545278897751205 8.180671909279349 0.9986959706875177 0.051052503685097214 0.5
134.95566588992332 94.95250282287616 3.5545278897751205 8.180671909279349 0.9986959706875177 0.051052503685097214 0.5
134.95566588992332 94.95250282287616 3.5545278897751205 8.180671909279349 0.9986959706875177 0.051052503685097214 0.5
134.98252353755444 94.97430179718613 2.952093704848764 3.654473125848626 0.9956769674516353 0.09288367179604405 0.5
135.00023442818335 95.04418444861862 3.250105953503426 2.5619473202046734 0.3317927027222823 0.9433523214686246 0.5
135.00023442818335 95.04418444861862 3.250105953503426 2.5619473202046734 0.3317927027222823 0.9433523214686246 0.5
135.00023442818335 95.04418444861862 3.250105953503426 2.5619473202046734 0.3317927027222823 0.9433523214686246 0.5
135.00023442818335 95.04418444861862 3.250105953503426 2.5619473202046734 0.3317927027222823 0.9433523214686246 0.5
135.00023442818335 95.04418444861862 3.250105953503426 2.5619473202046734 0.3317927027222823 0.9433523214686246 0.5
135.00023442818335 95.04418444861862 3.250105953503426 2.5619473202046734 0.3317927027222823 0.9433523214686246 0.5
134.97834336632684 95.0377933490625 2.738484905735106 2.3654842210921783 0.21944013443008192 0.9756259669572698 0.5
135.03915992413027 95.02018545138696 2.669286646101722 1.386119478093363 0.18562915253189904 0.9826198744836626 0.5
135.02126913543123 94.97580312095019 2.679864703693532 1.2603168961108677 0.17766787253038835 0.9840905075604203 0.5
135.02126913543123 94.97580312095019 2.679864703693532 1.2603168961108677 0.17766787253038835 0.9840905075604203 0.5
