25.307342808073116 66.85439394408351 10.01700080552981 12.610958367963766 0.9803687142093402 0.1971729803992551 5
25.307342808073116 66.85439394408351 10.01700080552981 12.610958367963766 0.9803687142093402 0.1971729803992551 0.5
25.307342808073116 66.85439394408351 10.01700080552981 12.610958367963766 0.9803687142093402 0.1971729803992551 0.5
25.307342808073116 66.85439394408351 10.01700080552981 12.610958367963766 0.9803687142093402 0.1971729803992551 0.5
25.307342808073116 66.85439394408351 10.01700080552981 12.610958367963766 0.9803687142093402 0.1971729803992551 0.5
25.307342808073116 66.85439394408351 10.01700080552981 12.610958367963766 0.9803687142093402 0.1971729803992551 0.5
25.307342808073116 66.85439394408351 10.01700080552981 12.610958367963766 0.9803687142093402 0.1971729803992551 0.5
25.307342808073116 66.85439394408351 10.01700080552981 12.610958367963766 0.9803687142093402 0.1971729803992551 0.5
25.307342808073116 66.85439394408351 10.01700080552981 12.610958367963766 0.9803687142093402 0.1971729803992551 0.5
25.307342808073116 66.85439394408351 10.01700080552981 12.610958367963766 0.9803687142093402 0.1971729803992551 0.5
25.13416831816715 67.01039588682214 10.491842210392592 3.9292271587064027 0.07844004432486269 0.9969188329278936 0.5
25.049137367105537 67.01492314001607 9.933245035805644 2.783888764300926 0.15239978761416004 0.9883189286536805 0.5
24.997457971330793 66.99338928194611 8.956399463029495 2.6516972207184404 0.17093101719916418 0.9852829986147427 0.5
25.044641241095615 66.99357859517373 9.129279733139931 2.2525429156791956 0.15012619760028115 0.9886668421637702 0.5
24.926775964112277 67.00653164813104 9.219528426282023 1.9176174236878976 0.1586180750551377 0.9873400155295048 0.5
25.106760977454968 66.96409368958395 7.5275160573900255 1.7330771227754442 0.1472140291237682 0.9891046606042994 0.5
24.943180133640872 67.04593823909443 3.9108580803273956 1.6036528832217143 0.12773598881669943 0.9918082058346865 0.5
24.960523400889432 66.9923473204488 2.9966540312786627 1.762260102942893 0.033287614308355425 0.9994458138056601 0.5
24.960523400889432 66.9923473204488 2.9966540312786627 1.762260102942893 0.033287614308355425 0.9994458138056601 0.5
24.960523400889432 66.9923473204488 2.9966540312786627 1.762260102942893 0.033287614308355425 0.9994458138056601 0.5
24.987377090376505 67.01411845419744 2.986678957372979 1.6622949264485245 0.12574218405354923 0.9920629532189191 0.5
24.987377090376505 67.01411845419744 2.986678957372979 1.6622949264485245 0.12574218405354923 0.9920629532189191 0.5
24.987377090376505 67.01411845419744 2.986678957372979 1.6622949264485245 0.12574218405354923 0.9920629532189191 0.5
24.987377090376505 67.01411845419744 2.986678957372979 1.6622949264485245 0.12574218405354923 0.9920629532189191 0.5
24.987377090376505 67.01411845419744 2.986678957372979 1.6622949264485245 0.12574218405354923 0.9920629532189191 0.5
24.987377090376505 67.01411845419744 2.986678957372979 1.6622949264485245 0.12574218405354923 0.9920629532189191 0.5
24.987377090376505 67.01411845419744 2.986678957372979 1.6622949264485245 0.12574218405354923 0.9920629532189191 0.5
24.987377090376505 67.01411845419744 2.986678957372979 1.6622949264485245 0.12574218405354923 0.9920629532189191 0.5
24.987377090376505 67.01411845419744 2.986678957372979 1.6622949264485245 0.12574218405354923 0.9920629532189191 0.5
24.987377090376505 67.01411845419744 2.986678957372979 1.6622949264485245 0.12574218405354923 0.9920629532189191 0.5
24.987377090376505 67.01411845419744 2.986678957372979 1.6622949264485245 0.12574218405354923 0.9920629532189191 0.5
25.027361902403936 67.01011362142619 2.0101748676317723 0.46261642022266325 0.1720587511715477 0.985086689659995 0.5
24.99506701313528 67.00602402610568 1.824701603095538 0.42735648892522254 0.1757284647280435 0.984438675938895 0.5
24.99148974382551 66.99732080050386 1.5901561179299986 0.43172072496231184 0.16594846342220443 0.9861344266821889 0.5
24.99148974382551 66.99732080050386 1.5901561179299986 0.43172072496231184 0.16594846342220443 0.9861344266821889 0.5
24.99148974382551 66.99732080050386 1.5901561179299986 0.43172072496231184 0.16594846342220443 0.9861344266821889 0.5
24.99148974382551 66.99732080050386 1.5901561179299986 0.43172072496231184 0.16594846342220443 0.9861344266821889 0.5
24.99148974382551 66.99732080050386 1.5901561179299986 0.43172072496231184 0.16594846342220443 0.9861344266821889 0.5
24.99148974382551 66.99732080050386 1.5901561179299986 0.43172072496231184 0.16594846342220443 0.9861344266821889 0.5
24.99148974382551 66.99732080050386 1.5901561179299986 0.43172072496231184 0.16594846342220443 0.9861344266821889 0.5
24.99148974382551 66.99732080050386 1.5901561179299986 0.43172072496231184 0.16594846342220443 0.9861344266821889 0.5
24.99148974382551 66.99732080050386 1.5901561179299986 0.43172072496231184 0.16594846342220443 0.9861344266821889 0.5
24.99148974382551 66.99732080050386 1.5901561179299986 0.43172072496231184 0.16594846342220443 0.9861344266821889 0.5
24.99148974382551 66.99732080050386 1.5901561179299986 0.43172072496231184 0.16594846342220443 0.9861344266821889 0.5
24.99148974382551 66.99732080050386 1.5901561179299986 0.43172072496231184 0.16594846342220443 0.9861344266821889 0.5
24.99148974382551 66.99732080050386 1.5901561179299986 0.43172072496231184 0.16594846342220443 0.9861344266821889 0.5
24.99148974382551 66.99732080050386 1.5901561179299986 0.43172072496231184 0.16594846342220443 0.9861344266821889 0.5
24.99148974382551 66.99732080050386 1.5901561179299986 0.43172072496231184 0.16594846342220443 0.9861344266821889 0.5
24.99148974382551 66.99732080050386 1.5901561179299986 0.43172072496231184 0.16594846342220443 0.9861344266821889 0.5
24.99148974382551 66.99732080050386 1.5901561179299986 0.43172072496231184 0.16594846342220443 0.9861344266821889 0.5
24.99148974382551 66.99732080050386 1.5901561179299986 0.43172072496231184 0.16594846342220443 0.9861344266821889 0.5
24.99148974382551 66.99732080050386 1.5901561179299986 0.43172072496231184 0.16594846342220443 0.9861344266821889 0.5
24.99148974382551 66.99732080050386 1.5901561179299986 0.43172072496231184 0.16594846342220443 0.9861344266821889 0.5
24.99148974382551 66.99732080050386 1.5901561179299986 0.43172072496231184 0.16594846342220443 0.9861344266821889 0.5
24.99148974382551 66.99732080050386 1.5901561179299986 0.43172072496231184 0.16594846342220443 0.9861344266821889 0.5
24.99148974382551 66.99732080050386 1.5901561179299986 0.43172072496231184 0.16594846342220443 0.9861344266821889 0.5
24.99148974382551 66.99732080050386 1.5901561179299986 0.43172072496231184 0.16594846342220443 0.9861344266821889 0.5
24.99148974382551 66.99732080050386 1.5901561179299986 0.43172072496231184 0.16594846342220443 0.9861344266821889 0.5
24.99148974382551 66.99732080050386 1.5901561179299986 0.43172072496231184 0.16594846342220443 0.9861344266821889 0.5
24.99148974382551 66.99732080050386 1.5901561179299986 0.43172072496231184 0.16594846342220443 0.9861344266821889 0.5
24.99148974382551 66.99732080050386 1.5901561179299986 0.43172072496231184 0.16594846342220443 0.9861344266821889 0.5
24.99148974382551 66.99732080050386 1.5901561179299986 0.43172072496231184 0.16594846342220443 0.9861344266821889 0.5
24.99148974382551 66.99732080050386 1.5901561179299986 0.43172072496231184 0.16594846342220443 0.9861344266821889 0.5
24.99148974382551 66.99732080050386 1.5901561179299986 0.43172072496231184 0.16594846342220443 0.9861344266821889 0.5
24.99148974382551 66.99732080050386 1.5901561179299986 0.43172072496231184 0.16594846342220443 0.9861344266821889 0.5
24.99148974382551 66.99732080050386 1.5901561179299986 0.43172072496231184 0.16594846342220443 0.9861344266821889 0.5
24.99148974382551 66.99732080050386 1.5901561179299986 0.43172072496231184 0.16594846342220443 0.9861344266821889 0.5
24.99148974382551 66.99732080050386 1.5901561179299986 0.43172072496231184 0.16594846342220443 0.9861344266821889 0.5
24.99148974382551 66.99732080050386 1.5901561179299986 0.43172072496231184 0.16594846342220443 0.9861344266821889 0.5
24.99148974382551 66.99732080050386 1.5901561179299986 0.43172072496231184 0.16594846342220443 0.9861344266821889 0.5
24.99148974382551 66.99732080050386 1.5901561179299986 0.43172072496231184 0.16594846342220443 0.9861344266821889 0.5
24.99148974382551 66.99732080050386 1.5901561179299986 0.43172072496231184 0.16594846342220443 0.9861344266821889 0.5
24.99148974382551 66.99732080050386 1.5901561179299986 0.43172072496231184 0.16594846342220443 0.9861344266821889 0.5
24.99148974382551 66.99732080050386 1.5901561179299986 0.43172072496231184 0.16594846342220443 0.9861344266821889 0.5
24.99148974382551 66.99732080050386 1.5901561179299986 0.43172072496231184 0.16594846342220443 0.9861344266821889 0.5
24.99148974382551 66.99732080050386 1.5901561179299986 0.43172072496231184 0.16594846342220443 0.9861344266821889 0.5
24.99148974382551 66.99732080050386 1.5901561179299986 0.43172072496231184 0.16594846342220443 0.9861344266821889 0.5
24.99148974382551 66.99732080050386 1.5901561179299986 0.43172072496231184 0.16594846342220443 0.9861344266821889 0.5
24.99148974382551 66.99732080050386 1.5901561179299986 0.43172072496231184 0.16594846342220443 0.9861344266821889 0.5
24.99148974382551 66.99732080050386 1.5901561179299986 0.43172072496231184 0.16594846342220443 0.9861344266821889 0.5
24.99148974382551 66.99732080050386 1.5901561179299986 0.43172072496231184 0.16594846342220443 0.9861344266821889 0.5
24.99148974382551 66.99732080050386 1.5901561179299986 0.43172072496231184 0.16594846342220443 0.9861344266821889 0.5
24.99148974382551 66.99732080050386 1.5901561179299986 0.43172072496231184 0.16594846342220443 0.9861344266821889 0.5
24.99148974382551 66.99732080050386 1.5901561179299986 0.43172072496231184 0.16594846342220443 0.9861344266821889 0.5
24.99148974382551 66.99732080050386 1.5901561179299986 0.43172072496231184 0.16594846342220443 0.9861344266821889 0.5
24.99148974382551 66.99732080050386 1.5901561179299986 0.43172072496231184 0.16594846342220443 0.9861344266821889 0.5
24.99148974382551 66.99732080050386 1.5901561179299986 0.43172072496231184 0.16594846342220443 0.9861344266821889 0.5
24.99148974382551 66.99732080050386 1.5901561179299986 0.43172072496231184 0.16594846342220443 0.9861344266821889 0.5
24.99148974382551 66.99732080050386 1.5901561179299986 0.43172072496231184 0.16594846342220443 0.9861344266821889 0.5
24.99148974382551 66.99732080050386 1.5901561179299986 0.43172072496231184 0.16594846342220443 0.9861344266821889 0.5
24.99148974382551 66.99732080050386 1.5901561179299986 0.43172072496231184 0.16594846342220443 0.9861344266821889 0.5
24.99148974382551 66.99732080050386 1.5901561179299986 0.43172072496231184 0.16594846342220443 0.9861344266821889 0.5
24.99148974382551 66.99732080050386 1.5901561179299986 0.43172072496231184 0.16594846342220443 0.9861344266821889 0.5
24.99148974382551 66.99732080050386 1.5901561179299986 0.43172072496231184 0.16594846342220443 0.9861344266821889 0.5
24.99148974382551 66.99732080050386 1.5901561179299986 0.43172072496231184 0.16594846342220443 0.9861344266821889 0.5
24.99148974382551 66.99732080050386 1.5901561179299986 0.43172072496231184 0.16594846342220443 0.9861344266821889 0.5
24.99148974382551 66.99732080050386 1.5901561179299986 0.43172072496231184 0.16594846342220443 0.9861344266821889 0.5
24.99148974382551 66.99732080050386 1.5901561179299986 0.43172072496231184 0.16594846342220443 0.9861344266821889 0.5
24.99148974382551 66.99732080050386 1.5901561179299986 0.43172072496231184 0.16594846342220443 0.9861344266821889 0.5
24.99148974382551 66.99732080050386 1.5901561179299986 0.43172072496231184 0.16594846342220443 0.9861344266821889 0.5
24.99148974382551 66.99732080050386 1.5901561179299986 0.43172072496231184 0.16594846342220443 0.9861344266821889 0.5
24.99148974382551 66.99732080050386 1.5901561179299986 0.43172072496231184 0.16594846342220443 0.9861344266821889 0.5
24.99148974382551 66.99732080050386 1.5901561179299986 0.43172072496231184 0.16594846342220443 0.9861344266821889 0.5
24.99148974382551 66.99732080050386 1.5901561179299986 0.43172072496231184 0.16594846342220443 0.9861344266821889 0.5
24.99148974382551 66.99732080050386 1.5901561179299986 0.43172072496231184 0.16594846342220443 0.9861344266821889 0.5
24.99148974382551 66.99732080050386 1.5901561179299986 0.43172072496231184 0.16594846342220443 0.9861344266821889 0.5
24.99148974382551 66.99732080050386 1.5901561179299986 0.43172072496231184 0.16594846342220443 0.9861344266821889 0.5
