127.99901879273057 9.959240371047054 8.679407385337225 7.802302323813881 0.13176032803717602 0.9912816027524851 5
127.99901879273057 9.959240371047054 8.679407385337225 7.802302323813881 0.13176032803717602 0.9912816027524851 0.5
127.99901879273057 9.959240371047054 8.679407385337225 7.802302323813881 0.13176032803717602 0.9912816027524851 0.5
127.99901879273057 9.959240371047054 8.679407385337225 7.802302323813881 0.13176032803717602 0.9912816027524851 0.5
127.99901879273057 9.959240371047054 8.679407385337225 7.802302323813881 0.13176032803717602 0.9912816027524851 0.5
127.99901879273057 9.959240371047054 8.679407385337225 7.802302323813881 0.13176032803717602 0.9912816027524851 0.5
127.99901879273057 9.959240371047054 8.679407385337225 7.802302323813881 0.13176032803717602 0.9912816027524851 0.5
127.99901879273057 9.959240371047054 8.679407385337225 7.802302323813881 0.13176032803717602 0.9912816027524851 0.5
127.99901879273057 9.959240371047054 8.679407385337225 7.802302323813881 0.13176032803717602 0.9912816027524851 0.5
127.99901879273057 9.959240371047054 8.679407385337225 7.802302323813881 0.13176032803717602 0.9912816027524851 0.5
127.99901879273057 9.959240371047054 8.679407385337225 7.802302323813881 0.13176032803717602 0.9912816027524851 0.5
127.99901879273057 9.959240371047054 8.679407385337225 7.802302323813881 0.13176032803717602 0.9912816027524851 0.5
127.99901879273057 9.959240371047054 8.679407385337225 7.802302323813881 0.13176032803717602 0.9912816027524851 0.5
127.99901879273057 9.959240371047054 8.679407385337225 7.802302323813881 0.13176032803717602 0.9912816027524851 0.5
127.99901879273057 9.959240371047054 8.679407385337225 7.802302323813881 0.13176032803717602 0.9912816027524851 0.5
127.99901879273057 9.959240371047054 8.679407385337225 7.802302323813881 0.13176032803717602 0.9912816027524851 0.5
127.99901879273057 9.959240371047054 8.679407385337225 7.802302323813881 0.13176032803717602 0.9912816027524851 0.5
127.99901879273057 9.959240371047054 8.679407385337225 7.802302323813881 0.13176032803717602 0.9912816027524851 0.5
127.99901879273057 9.959240371047054 8.679407385337225 7.802302323813881 0.13176032803717602 0.9912816027524851 0.5
127.99901879273057 9.959240371047054 8.679407385337225 7.802302323813881 0.13176032803717602 0.9912816027524851 0.5
127.99901879273057 9.959240371047054 8.679407385337225 7.802302323813881 0.13176032803717602 0.9912816027524851 0.5
127.99901879273057 9.959240371047054 8.679407385337225 7.802302323813881 0.13176032803717602 0.9912816027524851 0.5
127.99901879273057 9.959240371047054 8.679407385337225 7.802302323813881 0.13176032803717602 0.9912816027524851 0.5
127.99901879273057 9.959240371047054 8.679407385337225 7.802302323813881 0.13176032803717602 0.9912816027524851 0.5
127.99901879273057 9.959240371047054 8.679407385337225 7.802302323813881 0.13176032803717602 0.9912816027524851 0.5
127.99901879273057 9.959240371047054 8.679407385337225 7.802302323813881 0.13176032803717602 0.9912816027524851 0.5
127.99901879273057 9.959240371047054 8.679407385337225 7.802302323813881 0.13176032803717602 0.9912816027524851 0.5
127.99901879273057 9.959240371047054 8.679407385337225 7.802302323813881 0.13176032803717602 0.9912816027524851 0.5
127.99901879273057 9.959240371047054 8.679407385337225 7.802302323813881 0.13176032803717602 0.9912816027524851 0.5
127.99901879273057 9.959240371047054 8.679407385337225 7.802302323813881 0.13176032803717602 0.9912816027524851 0.5
127.99901879273057 9.959240371047054 8.679407385337225 7.802302323813881 0.13176032803717602 0.9912816027524851 0.5
127.99901879273057 9.959240371047054 8.679407385337225 7.802302323813881 0.13176032803717602 0.9912816027524851 0.5
127.99901879273057 9.959240371047054 8.679407385337225 7.802302323813881 0.13176032803717602 0.9912816027524851 0.5
127.99901879273057 9.959240371047054 8.679407385337225 7.802302323813881 0.13176032803717602 0.9912816027524851 0.5
127.99901879273057 9.959240371047054 8.679407385337225 7.802302323813881 0.13176032803717602 0.9912816027524851 0.5
127.99901879273057 9.959240371047054 8.679407385337225 7.802302323813881 0.13176032803717602 0.9912816027524851 0.5
127.99901879273057 9.959240371047054 8.679407385337225 7.802302323813881 0.13176032803717602 0.9912816027524851 0.5
127.99901879273057 9.959240371047054 8.679407385337225 7.802302323813881 0.13176032803717602 0.9912816027524851 0.5
127.99901879273057 9.959240371047054 8.679407385337225 7.802302323813881 0.13176032803717602 0.9912816027524851 0.5
127.99901879273057 9.959240371047054 8.679407385337225 7.802302323813881 0.13176032803717602 0.9912816027524851 0.5
127.99901879273057 9.959240371047054 8.679407385337225 7.802302323813881 0.13176032803717602 0.9912816027524851 0.5
127.99901879273057 9.959240371047054 8.679407385337225 7.802302323813881 0.13176032803717602 0.9912816027524851 0.5
127.99901879273057 9.959240371047054 8.679407385337225 7.802302323813881 0.13176032803717602 0.9912816027524851 0.5
127.99901879273057 9.959240371047054 8.679407385337225 7.802302323813881 0.13176032803717602 0.9912816027524851 0.5
127.99901879273057 9.959240371047054 8.679407385337225 7.802302323813881 0.13176032803717602 0.9912816027524851 0.5
127.99901879273057 9.959240371047054 8.679407385337225 7.802302323813881 0.13176032803717602 0.9912816027524851 0.5
127.99901879273057 9.959240371047054 8.679407385337225 7.802302323813881 0.13176032803717602 0.9912816027524851 0.5
127.99901879273057 9.959240371047054 8.679407385337225 7.802302323813881 0.13176032803717602 0.9912816027524851 0.5
127.99901879273057 9.959240371047054 8.679407385337225 7.802302323813881 0.13176032803717602 0.9912816027524851 0.5
127.99901879273057 9.959240371047054 8.679407385337225 7.802302323813881 0.13176032803717602 0.9912816027524851 0.5
127.99901879273057 9.959240371047054 8.679407385337225 7.802302323813881 0.13176032803717602 0.9912816027524851 0.5
127.99901879273057 9.959240371047054 8.679407385337225 7.802302323813881 0.13176032803717602 0.9912816027524851 0.5
127.99901879273057 9.959240371047054 8.679407385337225 7.802302323813881 0.13176032803717602 0.9912816027524851 0.5
127.99901879273057 9.959240371047054 8.679407385337225 7.802302323813881 0.13176032803717602 0.9912816027524851 0.5
127.99901879273057 9.959240371047054 8.679407385337225 7.802302323813881 0.13176032803717602 0.9912816027524851 0.5
127.99901879273057 9.959240371047054 8.679407385337225 7.802302323813881 0.13176032803717602 0.9912816027524851 0.5
127.99901879273057 9.959240371047054 8.679407385337225 7.802302323813881 0.13176032803717602 0.9912816027524851 0.5
127.99901879273057 9.959240371047054 8.679407385337225 7.802302323813881 0.13176032803717602 0.9912816027524851 0.5
127.99901879273057 9.959240371047054 8.679407385337225 7.802302323813881 0.13176032803717602 0.9912816027524851 0.5
127.99901879273057 9.959240371047054 8.679407385337225 7.802302323813881 0.13176032803717602 0.9912816027524851 0.5
127.99901879273057 9.959240371047054 8.679407385337225 7.802302323813881 0.13176032803717602 0.9912816027524851 0.5
127.99901879273057 9.959240371047054 8.679407385337225 7.802302323813881 0.13176032803717602 0.9912816027524851 0.5
127.99901879273057 9.959240371047054 8.679407385337225 7.802302323813881 0.13176032803717602 0.9912816027524851 0.5
127.99176589771871 10.033341725553235 3.757765912064726 8.513423036064331 0.9992100600645137 0.03973985236347475 0.5
127.94772054690524 9.95313321813765 2.857396940387364 8.68320516601114 0.9999981432125272 0.0019270629200444137 0.5
127.92632193588724 10.153529320419644 2.4650191938082715 8.316360275807847 0.9998946461475218 0.014515392020959866 0.5
128.00258366588395 9.933409764021834 2.4290583367241565 5.608626756789181 0.9953906894156285 0.09590294794572167 0.5
128.01716481475512 10.032349904522869 1.8035383810646317 4.1170535913290465 0.9881510570331783 0.15348448939294262 0.5
127.97826553736475 10.028861931411344 1.7805072997968163 3.969050622963164 0.9762465362069566 0.21666264224346435 0.5
128.0220121979616 10.002772128202924 1.5774212111406412 3.858003870872346 0.9789349364840738 0.2041724519393407 0.5
127.97406238679952 9.973123685646845 1.5355069119614315 4.320581708515602 0.9667169754404343 0.25584817645490215 0.5
127.97406238679952 9.973123685646845 1.5355069119614315 4.320581708515602 0.9667169754404343 0.25584817645490215 0.5
127.97406238679952 9.973123685646845 1.5355069119614315 4.320581708515602 0.9667169754404343 0.25584817645490215 0.5
127.97406238679952 9.973123685646845 1.5355069119614315 4.320581708515602 0.9667169754404343 0.25584817645490215 0.5
127.97406238679952 9.973123685646845 1.5355069119614315 4.320581708515602 0.9667169754404343 0.25584817645490215 0.5
127.97406238679952 9.973123685646845 1.5355069119614315 4.320581708515602 0.9667169754404343 0.25584817645490215 0.5
127.97406238679952 9.973123685646845 1.5355069119614315 4.320581708515602 0.9667169754404343 0.25584817645490215 0.5
127.97406238679952 9.973123685646845 1.5355069119614315 4.320581708515602 0.9667169754404343 0.25584817645490215 0.5
127.97406238679952 9.973123685646845 1.5355069119614315 4.320581708515602 0.9667169754404343 0.25584817645490215 0.5
127.97406238679952 9.973123685646845 1.5355069119614315 4.320581708515602 0.9667169754404343 0.25584817645490215 0.5
127.97406238679952 9.973123685646845 1.5355069119614315 4.320581708515602 0.9667169754404343 0.25584817645490215 0.5
127.97406238679952 9.973123685646845 1.5355069119614315 4.320581708515602 0.9667169754404343 0.25584817645490215 0.5
127.97406238679952 9.973123685646845 1.5355069119614315 4.320581708515602 0.9667169754404343 0.25584817645490215 0.5
127.97406238679952 9.973123685646845 1.5355069119614315 4.320581708515602 0.9667169754404343 0.25584817645490215 0.5
127.97406238679952 9.973123685646845 1.5355069119614315 4.320581708515602 0.9667169754404343 0.25584817645490215 0.5
127.97406238679952 9.973123685646845 1.5355069119614315 4.320581708515602 0.9667169754404343 0.25584817645490215 0.5
127.97406238679952 9.973123685646845 1.5355069119614315 4.320581708515602 0.9667169754404343 0.25584817645490215 0.5
127.97406238679952 9.973123685646845 1.5355069119614315 4.320581708515602 0.9667169754404343 0.25584817645490215 0.5
128.01299401938564 9.980576222138634 1.5508191947579688 3.3646750047934137 0.9544795708457202 0.2982762961386133 0.5
128.00940584383483 9.995586130921616 1.4235268179772769 2.4835234110684947 0.9294218406919751 0.36901902667036135 0.5
128.00940584383483 9.995586130921616 1.4235268179772769 2.4835234110684947 0.9294218406919751 0.36901902667036135 0.5
128.00940584383483 9.995586130921616 1.4235268179772769 2.4835234110684947 0.9294218406919751 0.36901902667036135 0.5
128.00940584383483 9.995586130921616 1.4235268179772769 2.4835234110684947 0.9294218406919751 0.36901902667036135 0.5
128.00940584383483 9.995586130921616 1.4235268179772769 2.4835234110684947 0.9294218406919751 0.36901902667036135 0.5
128.00940584383483 9.995586130921616 1.4235268179772769 2.4835234110684947 0.9294218406919751 0.36901902667036135 0.5
128.00940584383483 9.995586130921616 1.4235268179772769 2.4835234110684947 0.9294218406919751 0.36901902667036135 0.5
128.00940584383483 9.995586130921616 1.4235268179772769 2.4835234110684947 0.9294218406919751 0.36901902667036135 0.5
128.00940584383483 9.995586130921616 1.4235268179772769 2.4835234110684947 0.9294218406919751 0.36901902667036135 0.5
128.00940584383483 9.995586130921616 1.4235268179772769 2.4835234110684947 0.9294218406919751 0.36901902667036135 0.5
128.00940584383483 9.995586130921616 1.4235268179772769 2.4835234110684947 0.9294218406919751 0.36901902667036135 0.5
128.00940584383483 9.995586130921616 1.4235268179772769 2.4835234110684947 0.9294218406919751 0.36901902667036135 0.5
128.00940584383483 9.995586130921616 1.4235268179772769 2.4835234110684947 0.9294218406919751 0.36901902667036135 0.5
128.00940584383483 9.995586130921616 1.4235268179772769 2.4835234110684947 0.9294218406919751 0.36901902667036135 0.5
128.00940584383483 9.995586130921616 1.4235268179772769 2.4835234110684947 0.9294218406919751 0.36901902667036135 0.5
128.00940584383483 9.995586130921616 1.4235268179772769 2.4835234110684947 0.9294218406919751 0.36901902667036135 0.5
128.00940584383483 9.995586130921616 1.4235268179772769 2.4835234110684947 0.9294218406919751 0.36901902667036135 0.5
128.00940584383483 9.995586130921616 1.4235268179772769 2.4835234110684947 0.9294218406919751 0.36901902667036135 0.5
