129.1120445438999 48.15049457099725 7.596165301844957 9.39755100734273 0.9931713741704019 0.11666456843650297 5
129.1120445438999 48.15049457099725 7.596165301844957 9.39755100734273 0.9931713741704019 0.11666456843650297 0.5
129.1120445438999 48.15049457099725 7.596165301844957 9.39755100734273 0.9931713741704019 0.11666456843650297 0.5
129.1120445438999 48.15049457099725 7.596165301844957 9.39755100734273 0.9931713741704019 0.11666456843650297 0.5
129.1120445438999 48.15049457099725 7.596165301844957 9.39755100734273 0.9931713741704019 0.11666456843650297 0.5
129.1120445438999 48.15049457099725 7.596165301844957 9.39755100734273 0.9931713741704019 0.11666456843650297 0.5
129.1120445438999 48.15049457099725 7.596165301844957 9.39755100734273 0.9931713741704019 0.11666456843650297 0.5
129.1120445438999 48.15049457099725 7.596165301844957 9.39755100734273 0.9931713741704019 0.11666456843650297 0.5
129.1120445438999 48.15049457099725 7.596165301844957 9.39755100734273 0.9931713741704019 0.11666456843650297 0.5
129.1120445438999 48.15049457099725 7.596165301844957 9.39755100734273 0.9931713741704019 0.11666456843650297 0.5
129.1120445438999 48.15049457099725 7.596165301844957 9.39755100734273 0.9931713741704019 0.11666456843650297 0.5
129.1120445438999 48.15049457099725 7.596165301844957 9.39755100734273 0.9931713741704019 0.11666456843650297 0.5
129.1120445438999 48.15049457099725 7.596165301844957 9.39755100734273 0.9931713741704019 0.11666456843650297 0.5
129.1120445438999 48.15049457099725 7.596165301844957 9.39755100734273 0.9931713741704019 0.11666456843650297 0.5
129.1120445438999 48.15049457099725 7.596165301844957 9.39755100734273 0.9931713741704019 0.11666456843650297 0.5
129.1120445438999 48.15049457099725 7.596165301844957 9.39755100734273 0.9931713741704019 0.11666456843650297 0.5
129.1120445438999 48.15049457099725 7.596165301844957 9.39755100734273 0.9931713741704019 0.11666456843650297 0.5
129.1120445438999 48.15049457099725 7.596165301844957 9.39755100734273 0.9931713741704019 0.11666456843650297 0.5
129.1120445438999 48.15049457099725 7.596165301844957 9.39755100734273 0.9931713741704019 0.11666456843650297 0.5
129.1120445438999 48.15049457099725 7.596165301844957 9.39755100734273 0.9931713741704019 0.11666456843650297 0.5
129.1120445438999 48.15049457099725 7.596165301844957 9.39755100734273 0.9931713741704019 0.11666456843650297 0.5
129.1120445438999 48.15049457099725 7.596165301844957 9.39755100734273 0.9931713741704019 0.11666456843650297 0.5
129.1120445438999 48.15049457099725 7.596165301844957 9.39755100734273 0.9931713741704019 0.11666456843650297 0.5
129.1120445438999 48.15049457099725 7.596165301844957 9.39755100734273 0.9931713741704019 0.11666456843650297 0.5
129.1120445438999 48.15049457099725 7.596165301844957 9.39755100734273 0.9931713741704019 0.11666456843650297 0.5
129.1120445438999 48.15049457099725 7.596165301844957 9.39755100734273 0.9931713741704019 0.11666456843650297 0.5
129.1120445438999 48.15049457099725 7.596165301844957 9.39755100734273 0.9931713741704019 0.11666456843650297 0.5
129.1120445438999 48.15049457099725 7.596165301844957 9.39755100734273 0.9931713741704019 0.11666456843650297 0.5
129.1120445438999 48.15049457099725 7.596165301844957 9.39755100734273 0.9931713741704019 0.11666456843650297 0.5
129.1120445438999 48.15049457099725 7.596165301844957 9.39755100734273 0.9931713741704019 0.11666456843650297 0.5
129.1120445438999 48.15049457099725 7.596165301844957 9.39755100734273 0.9931713741704019 0.11666456843650297 0.5
129.1120445438999 48.15049457099725 7.596165301844957 9.39755100734273 0.9931713741704019 0.11666456843650297 0.5
129.1120445438999 48.15049457099725 7.596165301844957 9.39755100734273 0.9931713741704019 0.11666456843650297 0.5
129.1120445438999 48.15049457099725 7.596165301844957 9.39755100734273 0.9931713741704019 0.11666456843650297 0.5
129.1120445438999 48.15049457099725 7.596165301844957 9.39755100734273 0.9931713741704019 0.11666456843650297 0.5
129.1120445438999 48.15049457099725 7.596165301844957 9.39755100734273 0.9931713741704019 0.11666456843650297 0.5
129.1120445438999 48.15049457099725 7.596165301844957 9.39755100734273 0.9931713741704019 0.11666456843650297 0.5
129.1120445438999 48.15049457099725 7.596165301844957 9.39755100734273 0.9931713741704019 0.11666456843650297 0.5
129.1120445438999 48.15049457099725 7.596165301844957 9.39755100734273 0.9931713741704019 0.11666456843650297 0.5
129.1120445438999 48.15049457099725 7.596165301844957 9.39755100734273 0.9931713741704019 0.11666456843650297 0.5
129.1120445438999 48.15049457099725 7.596165301844957 9.39755100734273 0.9931713741704019 0.11666456843650297 0.5
129.1120445438999 48.15049457099725 7.596165301844957 9.39755100734273 0.9931713741704019 0.11666456843650297 0.5
129.1120445438999 48.15049457099725 7.596165301844957 9.39755100734273 0.9931713741704019 0.11666456843650297 0.5
129.1120445438999 48.15049457099725 7.596165301844957 9.39755100734273 0.9931713741704019 0.11666456843650297 0.5
129.1120445438999 48.15049457099725 7.596165301844957 9.39755100734273 0.9931713741704019 0.11666456843650297 0.5
129.1120445438999 48.15049457099725 7.596165301844957 9.39755100734273 0.9931713741704019 0.11666456843650297 0.5
129.1120445438999 48.15049457099725 7.596165301844957 9.39755100734273 0.9931713741704019 0.11666456843650297 0.5
129.1120445438999 48.15049457099725 7.596165301844957 9.39755100734273 0.9931713741704019 0.11666456843650297 0.5
129.1120445438999 48.15049457099725 7.596165301844957 9.39755100734273 0.9931713741704019 0.11666456843650297 0.5
129.1120445438999 48.15049457099725 7.596165301844957 9.39755100734273 0.9931713741704019 0.11666456843650297 0.5
129.1120445438999 48.15049457099725 7.596165301844957 9.39755100734273 0.9931713741704019 0.11666456843650297 0.5
129.1120445438999 48.15049457099725 7.596165301844957 9.39755100734273 0.9931713741704019 0.11666456843650297 0.5
129.1120445438999 48.15049457099725 7.596165301844957 9.39755100734273 0.9931713741704019 0.11666456843650297 0.5
129.1120445438999 48.15049457099725 7.596165301844957 9.39755100734273 0.9931713741704019 0.11666456843650297 0.5
129.1120445438999 48.15049457099725 7.596165301844957 9.39755100734273 0.9931713741704019 0.11666456843650297 0.5
129.1120445438999 48.15049457099725 7.596165301844957 9.39755100734273 0.9931713741704019 0.11666456843650297 0.5
129.1120445438999 48.15049457099725 7.596165301844957 9.39755100734273 0.9931713741704019 0.11666456843650297 0.5
129.1120445438999 48.15049457099725 7.596165301844957 9.39755100734273 0.9931713741704019 0.11666456843650297 0.5
129.1120445438999 48.15049457099725 7.596165301844957 9.39755100734273 0.9931713741704019 0.11666456843650297 0.5
129.1120445438999 48.15049457099725 7.596165301844957 9.39755100734273 0.9931713741704019 0.11666456843650297 0.5
129.1120445438999 48.15049457099725 7.596165301844957 9.39755100734273 0.9931713741704019 0.11666456843650297 0.5
129.1120445438999 48.15049457099725 7.596165301844957 9.39755100734273 0.9931713741704019 0.11666456843650297 0.5
129.1120445438999 48.15049457099725 7.596165301844957 9.39755100734273 0.9931713741704019 0.11666456843650297 0.5
129.1120445438999 48.15049457099725 7.596165301844957 9.39755100734273 0.9931713741704019 0.11666456843650297 0.5
129.1120445438999 48.15049457099725 7.596165301844957 9.39755100734273 0.9931713741704019 0.11666456843650297 0.5
129.1120445438999 48.15049457099725 7.596165301844957 9.39755100734273 0.9931713741704019 0.11666456843650297 0.5
129.1120445438999 48.15049457099725 7.596165301844957 9.39755100734273 0.9931713741704019 0.11666456843650297 0.5
129.1120445438999 48.15049457099725 7.596165301844957 9.39755100734273 0.9931713741704019 0.11666456843650297 0.5
129.1120445438999 48.15049457099725 7.596165301844957 9.39755100734273 0.9931713741704019 0.11666456843650297 0.5
129.1120445438999 48.15049457099725 7.596165301844957 9.39755100734273 0.9931713741704019 0.11666456843650297 0.5
129.1120445438999 48.15049457099725 7.596165301844957 9.39755100734273 0.9931713741704019 0.11666456843650297 0.5
129.1120445438999 48.15049457099725 7.596165301844957 9.39755100734273 0.9931713741704019 0.11666456843650297 0.5
129.1120445438999 48.15049457099725 7.596165301844957 9.39755100734273 0.9931713741704019 0.11666456843650297 0.5
129.1120445438999 48.15049457099725 7.596165301844957 9.39755100734273 0.9931713741704019 0.11666456843650297 0.5
129.1120445438999 48.15049457099725 7.596165301844957 9.39755100734273 0.9931713741704019 0.11666456843650297 0.5
129.1120445438999 48.15049457099725 7.596165301844957 9.39755100734273 0.9931713741704019 0.11666456843650297 0.5
129.1120445438999 48.15049457099725 7.596165301844957 9.39755100734273 0.9931713741704019 0.11666456843650297 0.5
129.1120445438999 48.15049457099725 7.596165301844957 9.39755100734273 0.9931713741704019 0.11666456843650297 0.5
129.1120445438999 48.15049457099725 7.596165301844957 9.39755100734273 0.9931713741704019 0.11666456843650297 0.5
129.1120445438999 48.15049457099725 7.596165301844957 9.39755100734273 0.9931713741704019 0.11666456843650297 0.5
129.1120445438999 48.15049457099725 7.596165301844957 9.39755100734273 0.9931713741704019 0.11666456843650297 0.5
129.1120445438999 48.15049457099725 7.596165301844957 9.39755100734273 0.9931713741704019 0.11666456843650297 0.5
129.1120445438999 48.15049457099725 7.596165301844957 9.39755100734273 0.9931713741704019 0.11666456843650297 0.5
129.1120445438999 48.15049457099725 7.596165301844957 9.39755100734273 0.9931713741704019 0.11666456843650297 0.5
129.1120445438999 48.15049457099725 7.596165301844957 9.39755100734273 0.9931713741704019 0.11666456843650297 0.5
129.1120445438999 48.15049457099725 7.596165301844957 9.39755100734273 0.9931713741704019 0.11666456843650297 0.5
129.1120445438999 48.15049457099725 7.596165301844957 9.39755100734273 0.9931713741704019 0.11666456843650297 0.5
129.1120445438999 48.15049457099725 7.596165301844957 9.39755100734273 0.9931713741704019 0.11666456843650297 0.5
129.1120445438999 48.15049457099725 7.596165301844957 9.39755100734273 0.9931713741704019 0.11666456843650297 0.5
129.1120445438999 48.15049457099725 7.596165301844957 9.39755100734273 0.9931713741704019 0.11666456843650297 0.5
129.1120445438999 48.15049457099725 7.596165301844957 9.39755100734273 0.9931713741704019 0.11666456843650297 0.5
129.1120445438999 48.15049457099725 7.596165301844957 9.39755100734273 0.9931713741704019 0.11666456843650297 0.5
129.1120445438999 48.15049457099725 7.596165301844957 9.39755100734273 0.9931713741704019 0.11666456843650297 0.5
129.1120445438999 48.15049457099725 7.596165301844957 9.39755100734273 0.9931713741704019 0.11666456843650297 0.5
129.07304799277838 47.97324074857874 8.042606886737532 3.5380229336692945 0.2082830610761575 0.9780685898589861 0.5
129.03749357721827 47.96393822681797 8.29871152822669 2.952958678875901 0.2514579055765784 0.9678682357237687 0.5
129.03749357721827 47.96393822681797 8.29871152822669 2.952958678875901 0.2514579055765784 0.9678682357237687 0.5
129.03749357721827 47.96393822681797 8.29871152822669 2.952958678875901 0.2514579055765784 0.9678682357237687 0.5
129.03749357721827 47.96393822681797 8.29871152822669 2.952958678875901 0.2514579055765784 0.9678682357237687 0.5
129.03749357721827 47.96393822681797 8.29871152822669 2.952958678875901 0.2514579055765784 0.9678682357237687 0.5
129.03749357721827 47.96393822681797 8.29871152822669 2.952958678875901 0.2514579055765784 0.9678682357237687 0.5
129.03749357721827 47.96393822681797 8.29871152822669 2.952958678875901 0.2514579055765784 0.9678682357237687 0.5
129.03749357721827 47.96393822681797 8.29871152822669 2.952958678875901 0.2514579055765784 0.9678682357237687 0.5
129.03749357721827 47.96393822681797 8.29871152822669 2.952958678875901 0.2514579055765784 0.9678682357237687 0.5
129.03749357721827 47.96393822681797 8.29871152822669 2.952958678875901 0.2514579055765784 0.9678682357237687 0.5
129.03749357721827 47.96393822681797 8.29871152822669 2.952958678875901 0.2514579055765784 0.9678682357237687 0.5
129.03749357721827 47.96393822681797 8.29871152822669 2.952958678875901 0.2514579055765784 0.9678682357237687 0.5
