16.07597935624115 42.134243190210384 6.145823224729664 12.518761622706556 0.999994480325783 0.0033225469097061806 5
16.07597935624115 42.134243190210384 6.145823224729664 12.518761622706556 0.999994480325783 0.0033225469097061806 0.5
16.07597935624115 42.134243190210384 6.145823224729664 12.518761622706556 0.999994480325783 0.0033225469097061806 0.5
16.07597935624115 42.134243190210384 6.145823224729664 12.518761622706556 0.999994480325783 0.0033225469097061806 0.5
16.07597935624115 42.134243190210384 6.145823224729664 12.518761622706556 0.999994480325783 0.0033225469097061806 0.5
15.968957384607315 42.0476249554234 6.155584119632018 3.9876577558509156 0.11947218796318289 0.9928375477908206 0.5
16.014503032128772 41.999210066142496 5.783269140924575 1.9700296665949268 0.09157350592637019 0.9957983194464395 0.5
15.934474924246356 42.04595588112389 6.3917415695964745 1.4477846764786442 0.09435793687144392 0.9955383366547793 0.5
16.065880716822793 41.972735641295436 6.199301771401229 1.353003934770904 0.08085589085474448 0.9967258022716607 0.5
16.065880716822793 41.972735641295436 6.199301771401229 1.353003934770904 0.08085589085474448 0.9967258022716607 0.5
16.065880716822793 41.972735641295436 6.199301771401229 1.353003934770904 0.08085589085474448 0.9967258022716607 0.5
16.065880716822793 41.972735641295436 6.199301771401229 1.353003934770904 0.08085589085474448 0.9967258022716607 0.5
16.065880716822793 41.972735641295436 6.199301771401229 1.353003934770904 0.08085589085474448 0.9967258022716607 0.5
16.065880716822793 41.972735641295436 6.199301771401229 1.353003934770904 0.08085589085474448 0.9967258022716607 0.5
16.065880716822793 41.972735641295436 6.199301771401229 1.353003934770904 0.08085589085474448 0.9967258022716607 0.5
16.065880716822793 41.972735641295436 6.199301771401229 1.353003934770904 0.08085589085474448 0.9967258022716607 0.5
16.065880716822793 41.972735641295436 6.199301771401229 1.353003934770904 0.08085589085474448 0.9967258022716607 0.5
16.065880716822793 41.972735641295436 6.199301771401229 1.353003934770904 0.08085589085474448 0.9967258022716607 0.5
16.065880716822793 41.972735641295436 6.199301771401229 1.353003934770904 0.08085589085474448 0.9967258022716607 0.5
16.065880716822793 41.972735641295436 6.199301771401229 1.353003934770904 0.08085589085474448 0.9967258022716607 0.5
16.065880716822793 41.972735641295436 6.199301771401229 1.353003934770904 0.08085589085474448 0.9967258022716607 0.5
16.065880716822793 41.972735641295436 6.199301771401229 1.353003934770904 0.08085589085474448 0.9967258022716607 0.5
16.065880716822793 41.972735641295436 6.199301771401229 1.353003934770904 0.08085589085474448 0.9967258022716607 0.5
16.065880716822793 41.972735641295436 6.199301771401229 1.353003934770904 0.08085589085474448 0.9967258022716607 0.5
16.065880716822793 41.972735641295436 6.199301771401229 1.353003934770904 0.08085589085474448 0.9967258022716607 0.5
16.065880716822793 41.972735641295436 6.199301771401229 1.353003934770904 0.08085589085474448 0.9967258022716607 0.5
16.065880716822793 41.972735641295436 6.199301771401229 1.353003934770904 0.08085589085474448 0.9967258022716607 0.5
16.065880716822793 41.972735641295436 6.199301771401229 1.353003934770904 0.08085589085474448 0.9967258022716607 0.5
16.065880716822793 41.972735641295436 6.199301771401229 1.353003934770904 0.08085589085474448 0.9967258022716607 0.5
16.065880716822793 41.972735641295436 6.199301771401229 1.353003934770904 0.08085589085474448 0.9967258022716607 0.5
16.065880716822793 41.972735641295436 6.199301771401229 1.353003934770904 0.08085589085474448 0.9967258022716607 0.5
15.95117299080725 41.99692702926203 5.268427481153001 1.2865119197780854 0.061345441652328234 0.9981165947866415 0.5
16.05505616777255 42.01653886848858 5.357726263794591 1.1904180269374682 0.049414109267351826 0.9987783767209392 0.5
16.05505616777255 42.01653886848858 5.357726263794591 1.1904180269374682 0.049414109267351826 0.9987783767209392 0.5
16.05505616777255 42.01653886848858 5.357726263794591 1.1904180269374682 0.049414109267351826 0.9987783767209392 0.5
16.05505616777255 42.01653886848858 5.357726263794591 1.1904180269374682 0.049414109267351826 0.9987783767209392 0.5
16.05505616777255 42.01653886848858 5.357726263794591 1.1904180269374682 0.049414109267351826 0.9987783767209392 0.5
16.05505616777255 42.01653886848858 5.357726263794591 1.1904180269374682 0.049414109267351826 0.9987783767209392 0.5
16.05505616777255 42.01653886848858 5.357726263794591 1.1904180269374682 0.049414109267351826 0.9987783767209392 0.5
16.05505616777255 42.01653886848858 5.357726263794591 1.1904180269374682 0.049414109267351826 0.9987783767209392 0.5
16.05505616777255 42.01653886848858 5.357726263794591 1.1904180269374682 0.049414109267351826 0.9987783767209392 0.5
16.05505616777255 42.01653886848858 5.357726263794591 1.1904180269374682 0.049414109267351826 0.9987783767209392 0.5
16.05505616777255 42.01653886848858 5.357726263794591 1.1904180269374682 0.049414109267351826 0.9987783767209392 0.5
16.05505616777255 42.01653886848858 5.357726263794591 1.1904180269374682 0.049414109267351826 0.9987783767209392 0.5
16.05505616777255 42.01653886848858 5.357726263794591 1.1904180269374682 0.049414109267351826 0.9987783767209392 0.5
16.05505616777255 42.01653886848858 5.357726263794591 1.1904180269374682 0.049414109267351826 0.9987783767209392 0.5
16.05505616777255 42.01653886848858 5.357726263794591 1.1904180269374682 0.049414109267351826 0.9987783767209392 0.5
16.05505616777255 42.01653886848858 5.357726263794591 1.1904180269374682 0.049414109267351826 0.9987783767209392 0.5
16.05505616777255 42.01653886848858 5.357726263794591 1.1904180269374682 0.049414109267351826 0.9987783767209392 0.5
16.05505616777255 42.01653886848858 5.357726263794591 1.1904180269374682 0.049414109267351826 0.9987783767209392 0.5
16.05505616777255 42.01653886848858 5.357726263794591 1.1904180269374682 0.049414109267351826 0.9987783767209392 0.5
16.05505616777255 42.01653886848858 5.357726263794591 1.1904180269374682 0.049414109267351826 0.9987783767209392 0.5
16.05505616777255 42.01653886848858 5.357726263794591 1.1904180269374682 0.049414109267351826 0.9987783767209392 0.5
16.05505616777255 42.01653886848858 5.357726263794591 1.1904180269374682 0.049414109267351826 0.9987783767209392 0.5
16.05505616777255 42.01653886848858 5.357726263794591 1.1904180269374682 0.049414109267351826 0.9987783767209392 0.5
16.05505616777255 42.01653886848858 5.357726263794591 1.1904180269374682 0.049414109267351826 0.9987783767209392 0.5
16.05505616777255 42.01653886848858 5.357726263794591 1.1904180269374682 0.049414109267351826 0.9987783767209392 0.5
16.05505616777255 42.01653886848858 5.357726263794591 1.1904180269374682 0.049414109267351826 0.9987783767209392 0.5
16.05505616777255 42.01653886848858 5.357726263794591 1.1904180269374682 0.049414109267351826 0.9987783767209392 0.5
16.05505616777255 42.01653886848858 5.357726263794591 1.1904180269374682 0.049414109267351826 0.9987783767209392 0.5
16.05505616777255 42.01653886848858 5.357726263794591 1.1904180269374682 0.049414109267351826 0.9987783767209392 0.5
16.05505616777255 42.01653886848858 5.357726263794591 1.1904180269374682 0.049414109267351826 0.9987783767209392 0.5
16.05505616777255 42.01653886848858 5.357726263794591 1.1904180269374682 0.049414109267351826 0.9987783767209392 0.5
16.05505616777255 42.01653886848858 5.357726263794591 1.1904180269374682 0.049414109267351826 0.9987783767209392 0.5
16.05505616777255 42.01653886848858 5.357726263794591 1.1904180269374682 0.049414109267351826 0.9987783767209392 0.5
16.05505616777255 42.01653886848858 5.357726263794591 1.1904180269374682 0.049414109267351826 0.9987783767209392 0.5
16.05505616777255 42.01653886848858 5.357726263794591 1.1904180269374682 0.049414109267351826 0.9987783767209392 0.5
16.05505616777255 42.01653886848858 5.357726263794591 1.1904180269374682 0.049414109267351826 0.9987783767209392 0.5
16.05505616777255 42.01653886848858 5.357726263794591 1.1904180269374682 0.049414109267351826 0.9987783767209392 0.5
16.05505616777255 42.01653886848858 5.357726263794591 1.1904180269374682 0.049414109267351826 0.9987783767209392 0.5
16.05505616777255 42.01653886848858 5.357726263794591 1.1904180269374682 0.049414109267351826 0.9987783767209392 0.5
16.05505616777255 42.01653886848858 5.357726263794591 1.1904180269374682 0.049414109267351826 0.9987783767209392 0.5
16.05505616777255 42.01653886848858 5.357726263794591 1.1904180269374682 0.049414109267351826 0.9987783767209392 0.5
16.05505616777255 42.01653886848858 5.357726263794591 1.1904180269374682 0.049414109267351826 0.9987783767209392 0.5
16.05505616777255 42.01653886848858 5.357726263794591 1.1904180269374682 0.049414109267351826 0.9987783767209392 0.5
16.05505616777255 42.01653886848858 5.357726263794591 1.1904180269374682 0.049414109267351826 0.9987783767209392 0.5
16.05505616777255 42.01653886848858 5.357726263794591 1.1904180269374682 0.049414109267351826 0.9987783767209392 0.5
16.05505616777255 42.01653886848858 5.357726263794591 1.1904180269374682 0.049414109267351826 0.9987783767209392 0.5
16.05505616777255 42.01653886848858 5.357726263794591 1.1904180269374682 0.049414109267351826 0.9987783767209392 0.5
16.05505616777255 42.01653886848858 5.357726263794591 1.1904180269374682 0.049414109267351826 0.9987783767209392 0.5
16.05505616777255 42.01653886848858 5.357726263794591 1.1904180269374682 0.049414109267351826 0.9987783767209392 0.5
16.05505616777255 42.01653886848858 5.357726263794591 1.1904180269374682 0.049414109267351826 0.9987783767209392 0.5
16.05505616777255 42.01653886848858 5.357726263794591 1.1904180269374682 0.049414109267351826 0.9987783767209392 0.5
16.05505616777255 42.01653886848858 5.357726263794591 1.1904180269374682 0.049414109267351826 0.9987783767209392 0.5
16.05505616777255 42.01653886848858 5.357726263794591 1.1904180269374682 0.049414109267351826 0.9987783767209392 0.5
16.05505616777255 42.01653886848858 5.357726263794591 1.1904180269374682 0.049414109267351826 0.9987783767209392 0.5
16.05505616777255 42.01653886848858 5.357726263794591 1.1904180269374682 0.049414109267351826 0.9987783767209392 0.5
16.05505616777255 42.01653886848858 5.357726263794591 1.1904180269374682 0.049414109267351826 0.9987783767209392 0.5
16.05505616777255 42.01653886848858 5.357726263794591 1.1904180269374682 0.049414109267351826 0.9987783767209392 0.5
16.05505616777255 42.01653886848858 5.357726263794591 1.1904180269374682 0.049414109267351826 0.9987783767209392 0.5
16.05505616777255 42.01653886848858 5.357726263794591 1.1904180269374682 0.049414109267351826 0.9987783767209392 0.5
16.05505616777255 42.01653886848858 5.357726263794591 1.1904180269374682 0.049414109267351826 0.9987783767209392 0.5
16.05505616777255 42.01653886848858 5.357726263794591 1.1904180269374682 0.049414109267351826 0.9987783767209392 0.5
16.05505616777255 42.01653886848858 5.357726263794591 1.1904180269374682 0.049414109267351826 0.9987783767209392 0.5
16.05505616777255 42.01653886848858 5.357726263794591 1.1904180269374682 0.049414109267351826 0.9987783767209392 0.5
16.05505616777255 42.01653886848858 5.357726263794591 1.1904180269374682 0.049414109267351826 0.9987783767209392 0.5
16.05505616777255 42.01653886848858 5.357726263794591 1.1904180269374682 0.049414109267351826 0.9987783767209392 0.5
16.05505616777255 42.01653886848858 5.357726263794591 1.1904180269374682 0.049414109267351826 0.9987783767209392 0.5
16.05505616777255 42.01653886848858 5.357726263794591 1.1904180269374682 0.049414109267351826 0.9987783767209392 0.5
16.05505616777255 42.01653886848858 5.357726263794591 1.1904180269374682 0.049414109267351826 0.9987783767209392 0.5
16.05505616777255 42.01653886848858 5.357726263794591 1.1904180269374682 0.049414109267351826 0.9987783767209392 0.5
16.05505616777255 42.01653886848858 5.357726263794591 1.1904180269374682 0.049414109267351826 0.9987783767209392 0.5
16.05505616777255 42.01653886848858 5.357726263794591 1.1904180269374682 0.049414109267351826 0.9987783767209392 0.5
16.05505616777255 42.01653886848858 5.357726263794591 1.1904180269374682 0.049414109267351826 0.9987783767209392 0.5
16.05505616777255 42.01653886848858 5.357726263794591 1.1904180269374682 0.049414109267351826 0.9987783767209392 0.5
16.05505616777255 42.01653886848858 5.357726263794591 1.1904180269374682 0.049414109267351826 0.9987783767209392 0.5
16.05505616777255 42.01653886848858 5.357726263794591 1.1904180269374682 0.049414109267351826 0.9987783767209392 0.5
