100.23271766415851 54.82805810902138 8.391376834790046 8.80855147306212 0.9994016633253693 0.03458779181279368 5
100.23271766415851 54.82805810902138 8.391376834790046 8.80855147306212 0.9994016633253693 0.03458779181279368 0.5
100.23271766415851 54.82805810902138 8.391376834790046 8.80855147306212 0.9994016633253693 0.03458779181279368 0.5
100.23271766415851 54.82805810902138 8.391376834790046 8.80855147306212 0.9994016633253693 0.03458779181279368 0.5
100.23271766415851 54.82805810902138 8.391376834790046 8.80855147306212 0.9994016633253693 0.03458779181279368 0.5
100.23271766415851 54.82805810902138 8.391376834790046 8.80855147306212 0.9994016633253693 0.03458779181279368 0.5
100.23271766415851 54.82805810902138 8.391376834790046 8.80855147306212 0.9994016633253693 0.03458779181279368 0.5
100.23271766415851 54.82805810902138 8.391376834790046 8.80855147306212 0.9994016633253693 0.03458779181279368 0.5
100.23271766415851 54.82805810902138 8.391376834790046 8.80855147306212 0.9994016633253693 0.03458779181279368 0.5
100.23271766415851 54.82805810902138 8.391376834790046 8.80855147306212 0.9994016633253693 0.03458779181279368 0.5
100.23271766415851 54.82805810902138 8.391376834790046 8.80855147306212 0.9994016633253693 0.03458779181279368 0.5
100.23271766415851 54.82805810902138 8.391376834790046 8.80855147306212 0.9994016633253693 0.03458779181279368 0.5
100.23271766415851 54.82805810902138 8.391376834790046 8.80855147306212 0.9994016633253693 0.03458779181279368 0.5
100.23271766415851 54.82805810902138 8.391376834790046 8.80855147306212 0.9994016633253693 0.03458779181279368 0.5
100.23271766415851 54.82805810902138 8.391376834790046 8.80855147306212 0.9994016633253693 0.03458779181279368 0.5
100.23271766415851 54.82805810902138 8.391376834790046 8.80855147306212 0.9994016633253693 0.03458779181279368 0.5
100.23271766415851 54.82805810902138 8.391376834790046 8.80855147306212 0.9994016633253693 0.03458779181279368 0.5
100.23271766415851 54.82805810902138 8.391376834790046 8.80855147306212 0.9994016633253693 0.03458779181279368 0.5
100.23271766415851 54.82805810902138 8.391376834790046 8.80855147306212 0.9994016633253693 0.03458779181279368 0.5
100.23271766415851 54.82805810902138 8.391376834790046 8.80855147306212 0.9994016633253693 0.03458779181279368 0.5
100.23271766415851 54.82805810902138 8.391376834790046 8.80855147306212 0.9994016633253693 0.03458779181279368 0.5
100.23271766415851 54.82805810902138 8.391376834790046 8.80855147306212 0.9994016633253693 0.03458779181279368 0.5
100.23271766415851 54.82805810902138 8.391376834790046 8.80855147306212 0.9994016633253693 0.03458779181279368 0.5
100.23271766415851 54.82805810902138 8.391376834790046 8.80855147306212 0.9994016633253693 0.03458779181279368 0.5
100.23271766415851 54.82805810902138 8.391376834790046 8.80855147306212 0.9994016633253693 0.03458779181279368 0.5
100.23271766415851 54.82805810902138 8.391376834790046 8.80855147306212 0.9994016633253693 0.03458779181279368 0.5
100.23271766415851 54.82805810902138 8.391376834790046 8.80855147306212 0.9994016633253693 0.03458779181279368 0.5
100.23271766415851 54.82805810902138 8.391376834790046 8.80855147306212 0.9994016633253693 0.03458779181279368 0.5
100.23271766415851 54.82805810902138 8.391376834790046 8.80855147306212 0.9994016633253693 0.03458779181279368 0.5
100.23271766415851 54.82805810902138 8.391376834790046 8.80855147306212 0.9994016633253693 0.03458779181279368 0.5
100.23271766415851 54.82805810902138 8.391376834790046 8.80855147306212 0.9994016633253693 0.03458779181279368 0.5
100.23271766415851 54.82805810902138 8.391376834790046 8.80855147306212 0.9994016633253693 0.03458779181279368 0.5
100.23271766415851 54.82805810902138 8.391376834790046 8.80855147306212 0.9994016633253693 0.03458779181279368 0.5
100.23271766415851 54.82805810902138 8.391376834790046 8.80855147306212 0.9994016633253693 0.03458779181279368 0.5
100.23271766415851 54.82805810902138 8.391376834790046 8.80855147306212 0.9994016633253693 0.03458779181279368 0.5
100.23271766415851 54.82805810902138 8.391376834790046 8.80855147306212 0.9994016633253693 0.03458779181279368 0.5
99.92118232518709 55.04305343251128 9.002067396122396 3.852926845788114 0.03199721943077804 0.9994879578807834 0.5
100.17116148672841 55.035029809126485 8.322340085174552 2.8080974357171953 0.02992974432704547 0.9995520048524327 0.5
100.0075834405969 54.983117245808955 7.752083626349058 2.2754580728593985 0.028426220264740818 0.9995958933496378 0.5
99.94058338223769 55.027223937238375 8.021748457440763 2.032398940520284 0.03861247594682472 0.999254260286768 0.5
99.94058338223769 55.027223937238375 8.021748457440763 2.032398940520284 0.03861247594682472 0.999254260286768 0.5
99.94058338223769 55.027223937238375 8.021748457440763 2.032398940520284 0.03861247594682472 0.999254260286768 0.5
99.94058338223769 55.027223937238375 8.021748457440763 2.032398940520284 0.03861247594682472 0.999254260286768 0.5
99.94058338223769 55.027223937238375 8.021748457440763 2.032398940520284 0.03861247594682472 0.999254260286768 0.5
99.94058338223769 55.027223937238375 8.021748457440763 2.032398940520284 0.03861247594682472 0.999254260286768 0.5
99.94058338223769 55.027223937238375 8.021748457440763 2.032398940520284 0.03861247594682472 0.999254260286768 0.5
99.94058338223769 55.027223937238375 8.021748457440763 2.032398940520284 0.03861247594682472 0.999254260286768 0.5
99.94058338223769 55.027223937238375 8.021748457440763 2.032398940520284 0.03861247594682472 0.999254260286768 0.5
99.94058338223769 55.027223937238375 8.021748457440763 2.032398940520284 0.03861247594682472 0.999254260286768 0.5
99.94058338223769 55.027223937238375 8.021748457440763 2.032398940520284 0.03861247594682472 0.999254260286768 0.5
99.94058338223769 55.027223937238375 8.021748457440763 2.032398940520284 0.03861247594682472 0.999254260286768 0.5
99.94058338223769 55.027223937238375 8.021748457440763 2.032398940520284 0.03861247594682472 0.999254260286768 0.5
99.94058338223769 55.027223937238375 8.021748457440763 2.032398940520284 0.03861247594682472 0.999254260286768 0.5
99.94058338223769 55.027223937238375 8.021748457440763 2.032398940520284 0.03861247594682472 0.999254260286768 0.5
100.0997495239643 55.050691003744305 4.401309878747006 2.105586002126888 0.019669916985966776 0.9998065284672656 0.5
100.02075109573052 54.97727465200254 3.5569754618378733 1.9198868737153585 0.11140594886552706 0.9937749818532219 0.5
99.99306467334321 54.969164190113226 3.142160275037077 1.7924343473478523 0.17856994527837342 0.9839272201963307 0.5
100.02269731277967 55.00233287345076 2.5813302006674856 1.755348947973549 0.16523810394785382 0.9862537041774384 0.5
99.9945784850718 55.00979719007154 2.289972790671687 1.7161461458503835 0.16507671948252867 0.9862807291460614 0.5
99.9945784850718 55.00979719007154 2.289972790671687 1.7161461458503835 0.16507671948252867 0.9862807291460614 0.5
99.9945784850718 55.00979719007154 2.289972790671687 1.7161461458503835 0.16507671948252867 0.9862807291460614 0.5
99.9945784850718 55.00979719007154 2.289972790671687 1.7161461458503835 0.16507671948252867 0.9862807291460614 0.5
99.9945784850718 55.00979719007154 2.289972790671687 1.7161461458503835 0.16507671948252867 0.9862807291460614 0.5
99.9945784850718 55.00979719007154 2.289972790671687 1.7161461458503835 0.16507671948252867 0.9862807291460614 0.5
99.96847017991364 54.97359092538647 2.1838955217124596 1.6466238508976656 0.2608895990511049 0.9653686431135795 0.5
99.97896696603817 54.99891313690816 2.106341473511821 0.20467244524550238 0.019130550904182097 0.9998169942655019 0.5
100.03663818788078 54.999600424438924 1.940531930510347 0.1864176614239974 0.018942959428917945 0.9998205660457652 0.5
100.016368132916 54.99593781943693 2.090999081942686 0.1963804978201942 0.020351909908792674 0.9997928784318602 0.5
100.016368132916 54.99593781943693 2.090999081942686 0.1963804978201942 0.020351909908792674 0.9997928784318602 0.5
100.016368132916 54.99593781943693 2.090999081942686 0.1963804978201942 0.020351909908792674 0.9997928784318602 0.5
100.016368132916 54.99593781943693 2.090999081942686 0.1963804978201942 0.020351909908792674 0.9997928784318602 0.5
100.016368132916 54.99593781943693 2.090999081942686 0.1963804978201942 0.020351909908792674 0.9997928784318602 0.5
100.016368132916 54.99593781943693 2.090999081942686 0.1963804978201942 0.020351909908792674 0.9997928784318602 0.5
100.016368132916 54.99593781943693 2.090999081942686 0.1963804978201942 0.020351909908792674 0.9997928784318602 0.5
100.016368132916 54.99593781943693 2.090999081942686 0.1963804978201942 0.020351909908792674 0.9997928784318602 0.5
100.016368132916 54.99593781943693 2.090999081942686 0.1963804978201942 0.020351909908792674 0.9997928784318602 0.5
100.016368132916 54.99593781943693 2.090999081942686 0.1963804978201942 0.020351909908792674 0.9997928784318602 0.5
100.016368132916 54.99593781943693 2.090999081942686 0.1963804978201942 0.020351909908792674 0.9997928784318602 0.5
100.016368132916 54.99593781943693 2.090999081942686 0.1963804978201942 0.020351909908792674 0.9997928784318602 0.5
100.016368132916 54.99593781943693 2.090999081942686 0.1963804978201942 0.020351909908792674 0.9997928784318602 0.5
100.016368132916 54.99593781943693 2.090999081942686 0.1963804978201942 0.020351909908792674 0.9997928784318602 0.5
100.016368132916 54.99593781943693 2.090999081942686 0.1963804978201942 0.020351909908792674 0.9997928784318602 0.5
100.016368132916 54.99593781943693 2.090999081942686 0.1963804978201942 0.020351909908792674 0.9997928784318602 0.5
100.016368132916 54.99593781943693 2.090999081942686 0.1963804978201942 0.020351909908792674 0.9997928784318602 0.5
100.016368132916 54.99593781943693 2.090999081942686 0.1963804978201942 0.020351909908792674 0.9997928784318602 0.5
100.016368132916 54.99593781943693 2.090999081942686 0.1963804978201942 0.020351909908792674 0.9997928784318602 0.5
100.016368132916 54.99593781943693 2.090999081942686 0.1963804978201942 0.020351909908792674 0.9997928784318602 0.5
100.016368132916 54.99593781943693 2.090999081942686 0.1963804978201942 0.020351909908792674 0.9997928784318602 0.5
99.98613914386489 55.003039664638635 1.7354878292954459 0.20034076632478887 0.0173685331146504 0.999849155651714 0.5
100.0148932652596 54.99857843897732 1.7941668427383466 0.18963012473757457 0.019566255835164307 0.9998085624921368 0.5
100.0148932652596 54.99857843897732 1.7941668427383466 0.18963012473757457 0.019566255835164307 0.9998085624921368 0.5
100.0148932652596 54.99857843897732 1.7941668427383466 0.18963012473757457 0.019566255835164307 0.9998085624921368 0.5
100.0148932652596 54.99857843897732 1.7941668427383466 0.18963012473757457 0.019566255835164307 0.9998085624921368 0.5
100.0148932652596 54.99857843897732 1.7941668427383466 0.18963012473757457 0.019566255835164307 0.9998085624921368 0.5
100.0148932652596 54.99857843897732 1.7941668427383466 0.18963012473757457 0.019566255835164307 0.9998085624921368 0.5
100.0148932652596 54.99857843897732 1.7941668427383466 0.18963012473757457 0.019566255835164307 0.9998085624921368 0.5
100.0148932652596 54.99857843897732 1.7941668427383466 0.18963012473757457 0.019566255835164307 0.9998085624921368 0.5
100.0148932652596 54.99857843897732 1.7941668427383466 0.18963012473757457 0.019566255835164307 0.9998085624921368 0.5
100.0148932652596 54.99857843897732 1.7941668427383466 0.18963012473757457 0.019566255835164307 0.9998085624921368 0.5
100.0148932652596 54.99857843897732 1.7941668427383466 0.18963012473757457 0.019566255835164307 0.9998085624921368 0.5
100.0148932652596 54.99857843897732 1.7941668427383466 0.18963012473757457 0.019566255835164307 0.9998085624921368 0.5
100.0148932652596 54.99857843897732 1.7941668427383466 0.18963012473757457 0.019566255835164307 0.9998085624921368 0.5
100.0148932652596 54.99857843897732 1.7941668427383466 0.18963012473757457 0.019566255835164307 0.9998085624921368 0.5
100.0148932652596 54.99857843897732 1.7941668427383466 0.18963012473757457 0.019566255835164307 0.9998085624921368 0.5
100.0148932652596 54.99857843897732 1.7941668427383466 0.18963012473757457 0.019566255835164307 0.9998085624921368 0.5
100.0148932652596 54.99857843897732 1.7941668427383466 0.18963012473757457 0.019566255835164307 0.9998085624921368 0.5
100.0148932652596 54.99857843897732 1.7941668427383466 0.18963012473757457 0.019566255835164307 0.9998085624921368 0.5
