105.88907483653638 87.55727099998599 8.963742274125412 8.41534699714318 0.3802677074764321 0.924876462372472 5
105.88907483653638 87.55727099998599 8.963742274125412 8.41534699714318 0.3802677074764321 0.924876462372472 0.5
105.88907483653638 87.55727099998599 8.963742274125412 8.41534699714318 0.3802677074764321 0.924876462372472 0.5
105.88907483653638 87.55727099998599 8.963742274125412 8.41534699714318 0.3802677074764321 0.924876462372472 0.5
105.88907483653638 87.55727099998599 8.963742274125412 8.41534699714318 0.3802677074764321 0.924876462372472 0.5
105.88907483653638 87.55727099998599 8.963742274125412 8.41534699714318 0.3802677074764321 0.924876462372472 0.5
105.88907483653638 87.55727099998599 8.963742274125412 8.41534699714318 0.3802677074764321 0.924876462372472 0.5
105.88907483653638 87.55727099998599 8.963742274125412 8.41534699714318 0.3802677074764321 0.924876462372472 0.5
105.88907483653638 87.55727099998599 8.963742274125412 8.41534699714318 0.3802677074764321 0.924876462372472 0.5
105.88907483653638 87.55727099998599 8.963742274125412 8.41534699714318 0.3802677074764321 0.924876462372472 0.5
105.88907483653638 87.55727099998599 8.963742274125412 8.41534699714318 0.3802677074764321 0.924876462372472 0.5
105.88907483653638 87.55727099998599 8.963742274125412 8.41534699714318 0.3802677074764321 0.924876462372472 0.5
105.88907483653638 87.55727099998599 8.963742274125412 8.41534699714318 0.3802677074764321 0.924876462372472 0.5
105.88907483653638 87.55727099998599 8.963742274125412 8.41534699714318 0.3802677074764321 0.924876462372472 0.5
105.88907483653638 87.55727099998599 8.963742274125412 8.41534699714318 0.3802677074764321 0.924876462372472 0.5
105.88907483653638 87.55727099998599 8.963742274125412 8.41534699714318 0.3802677074764321 0.924876462372472 0.5
105.88907483653638 87.55727099998599 8.963742274125412 8.41534699714318 0.3802677074764321 0.924876462372472 0.5
105.88907483653638 87.55727099998599 8.963742274125412 8.41534699714318 0.3802677074764321 0.924876462372472 0.5
105.88907483653638 87.55727099998599 8.963742274125412 8.41534699714318 0.3802677074764321 0.924876462372472 0.5
105.88907483653638 87.55727099998599 8.963742274125412 8.41534699714318 0.3802677074764321 0.924876462372472 0.5
105.88907483653638 87.55727099998599 8.963742274125412 8.41534699714318 0.3802677074764321 0.924876462372472 0.5
105.88907483653638 87.55727099998599 8.963742274125412 8.41534699714318 0.3802677074764321 0.924876462372472 0.5
105.88907483653638 87.55727099998599 8.963742274125412 8.41534699714318 0.3802677074764321 0.924876462372472 0.5
105.88907483653638 87.55727099998599 8.963742274125412 8.41534699714318 0.3802677074764321 0.924876462372472 0.5
105.88907483653638 87.55727099998599 8.963742274125412 8.41534699714318 0.3802677074764321 0.924876462372472 0.5
105.88907483653638 87.55727099998599 8.963742274125412 8.41534699714318 0.3802677074764321 0.924876462372472 0.5
105.88907483653638 87.55727099998599 8.963742274125412 8.41534699714318 0.3802677074764321 0.924876462372472 0.5
105.88907483653638 87.55727099998599 8.963742274125412 8.41534699714318 0.3802677074764321 0.924876462372472 0.5
105.88907483653638 87.55727099998599 8.963742274125412 8.41534699714318 0.3802677074764321 0.924876462372472 0.5
105.88907483653638 87.55727099998599 8.963742274125412 8.41534699714318 0.3802677074764321 0.924876462372472 0.5
105.88907483653638 87.55727099998599 8.963742274125412 8.41534699714318 0.3802677074764321 0.924876462372472 0.5
105.88907483653638 87.55727099998599 8.963742274125412 8.41534699714318 0.3802677074764321 0.924876462372472 0.5
105.88907483653638 87.55727099998599 8.963742274125412 8.41534699714318 0.3802677074764321 0.924876462372472 0.5
105.88907483653638 87.55727099998599 8.963742274125412 8.41534699714318 0.3802677074764321 0.924876462372472 0.5
105.88907483653638 87.55727099998599 8.963742274125412 8.41534699714318 0.3802677074764321 0.924876462372472 0.5
105.88907483653638 87.55727099998599 8.963742274125412 8.41534699714318 0.3802677074764321 0.924876462372472 0.5
105.88907483653638 87.55727099998599 8.963742274125412 8.41534699714318 0.3802677074764321 0.924876462372472 0.5
105.88907483653638 87.55727099998599 8.963742274125412 8.41534699714318 0.3802677074764321 0.924876462372472 0.5
105.88907483653638 87.55727099998599 8.963742274125412 8.41534699714318 0.3802677074764321 0.924876462372472 0.5
105.88907483653638 87.55727099998599 8.963742274125412 8.41534699714318 0.3802677074764321 0.924876462372472 0.5
105.88907483653638 87.55727099998599 8.963742274125412 8.41534699714318 0.3802677074764321 0.924876462372472 0.5
105.88907483653638 87.55727099998599 8.963742274125412 8.41534699714318 0.3802677074764321 0.924876462372472 0.5
105.88907483653638 87.55727099998599 8.963742274125412 8.41534699714318 0.3802677074764321 0.924876462372472 0.5
105.88907483653638 87.55727099998599 8.963742274125412 8.41534699714318 0.3802677074764321 0.924876462372472 0.5
105.88907483653638 87.55727099998599 8.963742274125412 8.41534699714318 0.3802677074764321 0.924876462372472 0.5
105.88907483653638 87.55727099998599 8.963742274125412 8.41534699714318 0.3802677074764321 0.924876462372472 0.5
105.88907483653638 87.55727099998599 8.963742274125412 8.41534699714318 0.3802677074764321 0.924876462372472 0.5
105.88907483653638 87.55727099998599 8.963742274125412 8.41534699714318 0.3802677074764321 0.924876462372472 0.5
105.88907483653638 87.55727099998599 8.963742274125412 8.41534699714318 0.3802677074764321 0.924876462372472 0.5
106.04053506268411 87.52180432810816 8.934182971808884 3.6783502311553677 0.28984866363087397 0.9570724905624425 0.5
106.0389408976549 87.53444126462875 8.309591083074915 2.9634048301355387 0.31309128359420846 0.949723037594293 0.5
105.9868912571948 87.51121533115158 7.489589207814381 2.3593700580612422 0.32841012498733724 0.9445352242271335 0.5
105.98917817642152 87.54409221678148 7.106928808229518 2.0593470172135087 0.3693362997790623 0.9292958074076901 0.5
105.94757185862156 87.51650770727326 6.36949060786701 2.009745208439577 0.37947456243334904 0.9252021705908489 0.5
105.94994841959883 87.53898087900423 1.647474542021476 7.176016006364041 0.9342330472337798 0.35666316526421143 0.5
105.97191166977564 87.5100251379118 1.5746125750736295 6.676065607994278 0.9350328774963494 0.3545610215476268 0.5
105.96994954899348 87.5303146699309 1.5798618112123766 5.238508256821433 0.940325271040005 0.34027692346608107 0.5
105.96994954899348 87.5303146699309 1.5798618112123766 5.238508256821433 0.940325271040005 0.34027692346608107 0.5
105.96994954899348 87.5303146699309 1.5798618112123766 5.238508256821433 0.940325271040005 0.34027692346608107 0.5
105.96994954899348 87.5303146699309 1.5798618112123766 5.238508256821433 0.940325271040005 0.34027692346608107 0.5
105.96994954899348 87.5303146699309 1.5798618112123766 5.238508256821433 0.940325271040005 0.34027692346608107 0.5
105.96994954899348 87.5303146699309 1.5798618112123766 5.238508256821433 0.940325271040005 0.34027692346608107 0.5
105.96994954899348 87.5303146699309 1.5798618112123766 5.238508256821433 0.940325271040005 0.34027692346608107 0.5
106.02569589437294 87.44835589600898 1.3662401878823025 3.895125485117172 0.932991346448162 0.3598988016829811 0.5
106.00883685238372 87.49224715710275 3.3268703499809793 1.3767168604737896 0.3350182552266236 0.9422116368761898 0.5
106.01363195127152 87.44828734051978 2.8840789807486615 1.4215625990449585 0.2936395460739307 0.9559162185994627 0.5
106.03884505426427 87.46243149673111 2.6996807699443996 1.25226811549702 0.2944154649521031 0.9556775261546319 0.5
106.00924086851956 87.51312219720494 2.2734903417123435 1.3246683470613028 0.2787097269036727 0.9603753891730463 0.5
105.99706072415476 87.51348571747705 2.325616796339088 1.1130430529132154 0.3081841668294436 0.951326715337923 0.5
106.00351858060367 87.49229131998851 2.5612891492538457 1.1273030575976166 0.2899960177932331 0.9570278520837661 0.5
105.984568282219 87.51173046594158 2.2614596871413193 1.1152349915851505 0.3485108665218383 0.9373047401545548 0.5
105.984568282219 87.51173046594158 2.2614596871413193 1.1152349915851505 0.3485108665218383 0.9373047401545548 0.5
105.984568282219 87.51173046594158 2.2614596871413193 1.1152349915851505 0.3485108665218383 0.9373047401545548 0.5
105.984568282219 87.51173046594158 2.2614596871413193 1.1152349915851505 0.3485108665218383 0.9373047401545548 0.5
105.984568282219 87.51173046594158 2.2614596871413193 1.1152349915851505 0.3485108665218383 0.9373047401545548 0.5
105.984568282219 87.51173046594158 2.2614596871413193 1.1152349915851505 0.3485108665218383 0.9373047401545548 0.5
105.984568282219 87.51173046594158 2.2614596871413193 1.1152349915851505 0.3485108665218383 0.9373047401545548 0.5
105.984568282219 87.51173046594158 2.2614596871413193 1.1152349915851505 0.3485108665218383 0.9373047401545548 0.5
