97.08477742444491 9.073692994181615 11.674569097450501 8.631765658099313 0.0028142495050380066 0.9999960399920209 5
97.08477742444491 9.073692994181615 11.674569097450501 8.631765658099313 0.0028142495050380066 0.9999960399920209 0.5
97.08477742444491 9.073692994181615 11.674569097450501 8.631765658099313 0.0028142495050380066 0.9999960399920209 0.5
97.08477742444491 9.073692994181615 11.674569097450501 8.631765658099313 0.0028142495050380066 0.9999960399920209 0.5
97.08477742444491 9.073692994181615 11.674569097450501 8.631765658099313 0.0028142495050380066 0.9999960399920209 0.5
97.08477742444491 9.073692994181615 11.674569097450501 8.631765658099313 0.0028142495050380066 0.9999960399920209 0.5
97.08477742444491 9.073692994181615 11.674569097450501 8.631765658099313 0.0028142495050380066 0.9999960399920209 0.5
97.08477742444491 9.073692994181615 11.674569097450501 8.631765658099313 0.0028142495050380066 0.9999960399920209 0.5
97.08477742444491 9.073692994181615 11.674569097450501 8.631765658099313 0.0028142495050380066 0.9999960399920209 0.5
97.08477742444491 9.073692994181615 11.674569097450501 8.631765658099313 0.0028142495050380066 0.9999960399920209 0.5
97.08477742444491 9.073692994181615 11.674569097450501 8.631765658099313 0.0028142495050380066 0.9999960399920209 0.5
97.08477742444491 9.073692994181615 11.674569097450501 8.631765658099313 0.0028142495050380066 0.9999960399920209 0.5
97.08477742444491 9.073692994181615 11.674569097450501 8.631765658099313 0.0028142495050380066 0.9999960399920209 0.5
97.08477742444491 9.073692994181615 11.674569097450501 8.631765658099313 0.0028142495050380066 0.9999960399920209 0.5
97.12316481694907 9.087531854810981 4.072336392519572 8.688664451151988 0.9998261067994391 0.018648221423952907 0.5
96.9919788409393 9.040548518393848 2.7069199645792823 7.983020401282518 0.9999091623960962 0.013478388491854879 0.5
97.03574872308629 9.077228849636136 2.3328838875191362 8.820501825798283 0.999796415138919 0.020177419938295433 0.5
97.0411649350121 8.929992300074867 2.2069071915030847 8.28755898295086 0.9999993855052484 0.0011085978196057774 0.5
97.0411649350121 8.929992300074867 2.2069071915030847 8.28755898295086 0.9999993855052484 0.0011085978196057774 0.5
97.0411649350121 8.929992300074867 2.2069071915030847 8.28755898295086 0.9999993855052484 0.0011085978196057774 0.5
97.0411649350121 8.929992300074867 2.2069071915030847 8.28755898295086 0.9999993855052484 0.0011085978196057774 0.5
97.0411649350121 8.929992300074867 2.2069071915030847 8.28755898295086 0.9999993855052484 0.0011085978196057774 0.5
97.0411649350121 8.929992300074867 2.2069071915030847 8.28755898295086 0.9999993855052484 0.0011085978196057774 0.5
97.0411649350121 8.929992300074867 2.2069071915030847 8.28755898295086 0.9999993855052484 0.0011085978196057774 0.5
97.0411649350121 8.929992300074867 2.2069071915030847 8.28755898295086 0.9999993855052484 0.0011085978196057774 0.5
97.0411649350121 8.929992300074867 2.2069071915030847 8.28755898295086 0.9999993855052484 0.0011085978196057774 0.5
97.0411649350121 8.929992300074867 2.2069071915030847 8.28755898295086 0.9999993855052484 0.0011085978196057774 0.5
97.0411649350121 8.929992300074867 2.2069071915030847 8.28755898295086 0.9999993855052484 0.0011085978196057774 0.5
97.0411649350121 8.929992300074867 2.2069071915030847 8.28755898295086 0.9999993855052484 0.0011085978196057774 0.5
97.0411649350121 8.929992300074867 2.2069071915030847 8.28755898295086 0.9999993855052484 0.0011085978196057774 0.5
97.0411649350121 8.929992300074867 2.2069071915030847 8.28755898295086 0.9999993855052484 0.0011085978196057774 0.5
97.0411649350121 8.929992300074867 2.2069071915030847 8.28755898295086 0.9999993855052484 0.0011085978196057774 0.5
97.0411649350121 8.929992300074867 2.2069071915030847 8.28755898295086 0.9999993855052484 0.0011085978196057774 0.5
97.0411649350121 8.929992300074867 2.2069071915030847 8.28755898295086 0.9999993855052484 0.0011085978196057774 0.5
97.0411649350121 8.929992300074867 2.2069071915030847 8.28755898295086 0.9999993855052484 0.0011085978196057774 0.5
97.0411649350121 8.929992300074867 2.2069071915030847 8.28755898295086 0.9999993855052484 0.0011085978196057774 0.5
97.0411649350121 8.929992300074867 2.2069071915030847 8.28755898295086 0.9999993855052484 0.0011085978196057774 0.5
97.0411649350121 8.929992300074867 2.2069071915030847 8.28755898295086 0.9999993855052484 0.0011085978196057774 0.5
97.0411649350121 8.929992300074867 2.2069071915030847 8.28755898295086 0.9999993855052484 0.0011085978196057774 0.5
97.0411649350121 8.929992300074867 2.2069071915030847 8.28755898295086 0.9999993855052484 0.0011085978196057774 0.5
97.0411649350121 8.929992300074867 2.2069071915030847 8.28755898295086 0.9999993855052484 0.0011085978196057774 0.5
97.0411649350121 8.929992300074867 2.2069071915030847 8.28755898295086 0.9999993855052484 0.0011085978196057774 0.5
97.0411649350121 8.929992300074867 2.2069071915030847 8.28755898295086 0.9999993855052484 0.0011085978196057774 0.5
97.0411649350121 8.929992300074867 2.2069071915030847 8.28755898295086 0.9999993855052484 0.0011085978196057774 0.5
97.0411649350121 8.929992300074867 2.2069071915030847 8.28755898295086 0.9999993855052484 0.0011085978196057774 0.5
97.0411649350121 8.929992300074867 2.2069071915030847 8.28755898295086 0.9999993855052484 0.0011085978196057774 0.5
97.0411649350121 8.929992300074867 2.2069071915030847 8.28755898295086 0.9999993855052484 0.0011085978196057774 0.5
97.0411649350121 8.929992300074867 2.2069071915030847 8.28755898295086 0.9999993855052484 0.0011085978196057774 0.5
97.0411649350121 8.929992300074867 2.2069071915030847 8.28755898295086 0.9999993855052484 0.0011085978196057774 0.5
97.0411649350121 8.929992300074867 2.2069071915030847 8.28755898295086 0.9999993855052484 0.0011085978196057774 0.5
97.0411649350121 8.929992300074867 2.2069071915030847 8.28755898295086 0.9999993855052484 0.0011085978196057774 0.5
97.0411649350121 8.929992300074867 2.2069071915030847 8.28755898295086 0.9999993855052484 0.0011085978196057774 0.5
97.0411649350121 8.929992300074867 2.2069071915030847 8.28755898295086 0.9999993855052484 0.0011085978196057774 0.5
97.0411649350121 8.929992300074867 2.2069071915030847 8.28755898295086 0.9999993855052484 0.0011085978196057774 0.5
97.0411649350121 8.929992300074867 2.2069071915030847 8.28755898295086 0.9999993855052484 0.0011085978196057774 0.5
97.0411649350121 8.929992300074867 2.2069071915030847 8.28755898295086 0.9999993855052484 0.0011085978196057774 0.5
97.0411649350121 8.929992300074867 2.2069071915030847 8.28755898295086 0.9999993855052484 0.0011085978196057774 0.5
97.0411649350121 8.929992300074867 2.2069071915030847 8.28755898295086 0.9999993855052484 0.0011085978196057774 0.5
97.0411649350121 8.929992300074867 2.2069071915030847 8.28755898295086 0.9999993855052484 0.0011085978196057774 0.5
97.0411649350121 8.929992300074867 2.2069071915030847 8.28755898295086 0.9999993855052484 0.0011085978196057774 0.5
97.0411649350121 8.929992300074867 2.2069071915030847 8.28755898295086 0.9999993855052484 0.0011085978196057774 0.5
97.0411649350121 8.929992300074867 2.2069071915030847 8.28755898295086 0.9999993855052484 0.0011085978196057774 0.5
97.01180643930604 8.995240624156716 1.909102022015988 3.851678161560619 0.9987945054178392 0.04908702422365806 0.5
96.99802406742347 9.060244502182861 1.9883783387994782 3.2615930008737184 0.9971768988920299 0.07508816362166805 0.5
96.98786146527331 8.95272470996375 1.901207660655437 2.6911363941728643 0.9779445579363445 0.20886464900190183 0.5
97.02308520815944 9.032984172392826 1.9901422087381546 2.2928777784416403 0.9430780280645018 0.3325715456589315 0.5
96.99765435882333 8.980411012747735 2.1008739959767615 1.7693334277424138 0.265883170011997 0.9640052592721533 0.5
96.996265464627 8.997550933666485 2.2962752749901005 1.6920082973430575 0.3105835024233812 0.9505460998933327 0.5
96.996265464627 8.997550933666485 2.2962752749901005 1.6920082973430575 0.3105835024233812 0.9505460998933327 0.5
96.996265464627 8.997550933666485 2.2962752749901005 1.6920082973430575 0.3105835024233812 0.9505460998933327 0.5
96.996265464627 8.997550933666485 2.2962752749901005 1.6920082973430575 0.3105835024233812 0.9505460998933327 0.5
96.996265464627 8.997550933666485 2.2962752749901005 1.6920082973430575 0.3105835024233812 0.9505460998933327 0.5
96.996265464627 8.997550933666485 2.2962752749901005 1.6920082973430575 0.3105835024233812 0.9505460998933327 0.5
96.996265464627 8.997550933666485 2.2962752749901005 1.6920082973430575 0.3105835024233812 0.9505460998933327 0.5
96.996265464627 8.997550933666485 2.2962752749901005 1.6920082973430575 0.3105835024233812 0.9505460998933327 0.5
96.996265464627 8.997550933666485 2.2962752749901005 1.6920082973430575 0.3105835024233812 0.9505460998933327 0.5
96.996265464627 8.997550933666485 2.2962752749901005 1.6920082973430575 0.3105835024233812 0.9505460998933327 0.5
96.996265464627 8.997550933666485 2.2962752749901005 1.6920082973430575 0.3105835024233812 0.9505460998933327 0.5
