132.03132074011484 45.94678863870433 8.91826614833579 8.476376284918196 0.16931895107455627 0.9855613084973517 5
132.03132074011484 45.94678863870433 8.91826614833579 8.476376284918196 0.16931895107455627 0.9855613084973517 0.5
132.03132074011484 45.94678863870433 8.91826614833579 8.476376284918196 0.16931895107455627 0.9855613084973517 0.5
132.03132074011484 45.94678863870433 8.91826614833579 8.476376284918196 0.16931895107455627 0.9855613084973517 0.5
132.03132074011484 45.94678863870433 8.91826614833579 8.476376284918196 0.16931895107455627 0.9855613084973517 0.5
132.03132074011484 45.94678863870433 8.91826614833579 8.476376284918196 0.16931895107455627 0.9855613084973517 0.5
132.03132074011484 45.94678863870433 8.91826614833579 8.476376284918196 0.16931895107455627 0.9855613084973517 0.5
132.03132074011484 45.94678863870433 8.91826614833579 8.476376284918196 0.16931895107455627 0.9855613084973517 0.5
132.03132074011484 45.94678863870433 8.91826614833579 8.476376284918196 0.16931895107455627 0.9855613084973517 0.5
132.03132074011484 45.94678863870433 8.91826614833579 8.476376284918196 0.16931895107455627 0.9855613084973517 0.5
132.03132074011484 45.94678863870433 8.91826614833579 8.476376284918196 0.16931895107455627 0.9855613084973517 0.5
132.03132074011484 45.94678863870433 8.91826614833579 8.476376284918196 0.16931895107455627 0.9855613084973517 0.5
132.03132074011484 45.94678863870433 8.91826614833579 8.476376284918196 0.16931895107455627 0.9855613084973517 0.5
132.03132074011484 45.94678863870433 8.91826614833579 8.476376284918196 0.16931895107455627 0.9855613084973517 0.5
132.03132074011484 45.94678863870433 8.91826614833579 8.476376284918196 0.16931895107455627 0.9855613084973517 0.5
132.03132074011484 45.94678863870433 8.91826614833579 8.476376284918196 0.16931895107455627 0.9855613084973517 0.5
132.03132074011484 45.94678863870433 8.91826614833579 8.476376284918196 0.16931895107455627 0.9855613084973517 0.5
132.03132074011484 45.94678863870433 8.91826614833579 8.476376284918196 0.16931895107455627 0.9855613084973517 0.5
132.03132074011484 45.94678863870433 8.91826614833579 8.476376284918196 0.16931895107455627 0.9855613084973517 0.5
132.03132074011484 45.94678863870433 8.91826614833579 8.476376284918196 0.16931895107455627 0.9855613084973517 0.5
132.03132074011484 45.94678863870433 8.91826614833579 8.476376284918196 0.16931895107455627 0.9855613084973517 0.5
132.03132074011484 45.94678863870433 8.91826614833579 8.476376284918196 0.16931895107455627 0.9855613084973517 0.5
132.03132074011484 45.94678863870433 8.91826614833579 8.476376284918196 0.16931895107455627 0.9855613084973517 0.5
132.03132074011484 45.94678863870433 8.91826614833579 8.476376284918196 0.16931895107455627 0.9855613084973517 0.5
132.03132074011484 45.94678863870433 8.91826614833579 8.476376284918196 0.16931895107455627 0.9855613084973517 0.5
132.03132074011484 45.94678863870433 8.91826614833579 8.476376284918196 0.16931895107455627 0.9855613084973517 0.5
132.03132074011484 45.94678863870433 8.91826614833579 8.476376284918196 0.16931895107455627 0.9855613084973517 0.5
132.03132074011484 45.94678863870433 8.91826614833579 8.476376284918196 0.16931895107455627 0.9855613084973517 0.5
132.03132074011484 45.94678863870433 8.91826614833579 8.476376284918196 0.16931895107455627 0.9855613084973517 0.5
132.03132074011484 45.94678863870433 8.91826614833579 8.476376284918196 0.16931895107455627 0.9855613084973517 0.5
132.03132074011484 45.94678863870433 8.91826614833579 8.476376284918196 0.16931895107455627 0.9855613084973517 0.5
132.03132074011484 45.94678863870433 8.91826614833579 8.476376284918196 0.16931895107455627 0.9855613084973517 0.5
132.03132074011484 45.94678863870433 8.91826614833579 8.476376284918196 0.16931895107455627 0.9855613084973517 0.5
