23.940892839009145 59.05456458628796 10.094406416632438 9.708204308615855 0.23623404673643822 0.971696184598111 5
23.940892839009145 59.05456458628796 10.094406416632438 9.708204308615855 0.23623404673643822 0.971696184598111 0.5
23.940892839009145 59.05456458628796 10.094406416632438 9.708204308615855 0.23623404673643822 0.971696184598111 0.5
23.940892839009145 59.05456458628796 10.094406416632438 9.708204308615855 0.23623404673643822 0.971696184598111 0.5
23.940892839009145 59.05456458628796 10.094406416632438 9.708204308615855 0.23623404673643822 0.971696184598111 0.5
23.940892839009145 59.05456458628796 10.094406416632438 9.708204308615855 0.23623404673643822 0.971696184598111 0.5
23.940892839009145 59.05456458628796 10.094406416632438 9.708204308615855 0.23623404673643822 0.971696184598111 0.5
23.940892839009145 59.05456458628796 10.094406416632438 9.708204308615855 0.23623404673643822 0.971696184598111 0.5
23.940892839009145 59.05456458628796 10.094406416632438 9.708204308615855 0.23623404673643822 0.971696184598111 0.5
23.940892839009145 59.05456458628796 10.094406416632438 9.708204308615855 0.23623404673643822 0.971696184598111 0.5
24.206497822210732 59.03852794477683 10.34564941236804 4.043846761240637 0.03882866559377479 0.9992458830178921 0.5
24.206497822210732 59.03852794477683 10.34564941236804 4.043846761240637 0.03882866559377479 0.9992458830178921 0.5
24.12570863404819 58.969964518170755 9.053708753845306 2.5731665469574914 0.027332083993898394 0.9996264088070855 0.5
23.885164147443824 58.993002831408155 10.406435061556191 2.284566456543142 0.051152249875454844 0.9986908667514083 0.5
23.96371201212598 58.9749513813709 6.1350372058427185 2.3436340567612315 0.027010478609373285 0.9996351504650547 0.5
23.959091786932813 58.99477787945684 4.905684480639449 1.9733888326429454 0.11230965988977289 0.9936732563048296 0.5
23.993221452939416 58.983319596763096 4.000255120478572 1.6149899101762983 9.860193140510261e-05 0.9999999951388295 0.5
23.993221452939416 58.983319596763096 4.000255120478572 1.6149899101762983 9.860193140510261e-05 0.9999999951388295 0.5
23.95147605906196 58.99481832274001 2.6790662869005226 1.9496433867251226 0.07607977266620616 0.9971017341229822 0.5
24.04786943982781 58.992933182474864 2.5185636911824942 1.7472301835965363 0.09555343789381314 0.9954243017460811 0.5
24.039555076815788 58.97253282062411 2.338130381039882 1.6256630984702207 0.13199860667780663 0.9912499018083774 0.5
24.034963242233445 58.975588956658925 2.208622779442227 1.6088320080099723 0.15627274625287077 0.9877139407635117 0.5
24.006865911706363 59.02631362446075 1.9974858421102888 1.7862542723354036 0.016408989003707908 0.9998653634764414 0.5
23.989213867591328 59.00045358464682 1.9625217820040444 1.522781398319799 0.04686476203466405 0.9989012434066915 0.5
23.97407116132739 58.98659253165969 1.7542537679102472 1.3954529187947111 0.20056723800289947 0.9796799390820904 0.5
23.97407116132739 58.98659253165969 1.7542537679102472 1.3954529187947111 0.20056723800289947 0.9796799390820904 0.5
23.97407116132739 58.98659253165969 1.7542537679102472 1.3954529187947111 0.20056723800289947 0.9796799390820904 0.5
23.97407116132739 58.98659253165969 1.7542537679102472 1.3954529187947111 0.20056723800289947 0.9796799390820904 0.5
24.03156790269791 58.987118015142045 1.835820665716555 1.3849536332022763 0.26096530899001297 0.9653481794170159 0.5
24.023869242269498 58.98071857965182 1.571299775160829 1.45118950724202 0.10619537171980029 0.9943452836038865 0.5
24.023869242269498 58.98071857965182 1.571299775160829 1.45118950724202 0.10619537171980029 0.9943452836038865 0.5
24.023869242269498 58.98071857965182 1.571299775160829 1.45118950724202 0.10619537171980029 0.9943452836038865 0.5
24.023869242269498 58.98071857965182 1.571299775160829 1.45118950724202 0.10619537171980029 0.9943452836038865 0.5
24.023869242269498 58.98071857965182 1.571299775160829 1.45118950724202 0.10619537171980029 0.9943452836038865 0.5
24.023869242269498 58.98071857965182 1.571299775160829 1.45118950724202 0.10619537171980029 0.9943452836038865 0.5
24.023869242269498 58.98071857965182 1.571299775160829 1.45118950724202 0.10619537171980029 0.9943452836038865 0.5
24.023869242269498 58.98071857965182 1.571299775160829 1.45118950724202 0.10619537171980029 0.9943452836038865 0.5
24.023869242269498 58.98071857965182 1.571299775160829 1.45118950724202 0.10619537171980029 0.9943452836038865 0.5
24.023869242269498 58.98071857965182 1.571299775160829 1.45118950724202 0.10619537171980029 0.9943452836038865 0.5
24.023869242269498 58.98071857965182 1.571299775160829 1.45118950724202 0.10619537171980029 0.9943452836038865 0.5
24.023869242269498 58.98071857965182 1.571299775160829 1.45118950724202 0.10619537171980029 0.9943452836038865 0.5
24.023869242269498 58.98071857965182 1.571299775160829 1.45118950724202 0.10619537171980029 0.9943452836038865 0.5
24.023869242269498 58.98071857965182 1.571299775160829 1.45118950724202 0.10619537171980029 0.9943452836038865 0.5
24.023869242269498 58.98071857965182 1.571299775160829 1.45118950724202 0.10619537171980029 0.9943452836038865 0.5
24.023869242269498 58.98071857965182 1.571299775160829 1.45118950724202 0.10619537171980029 0.9943452836038865 0.5
24.023869242269498 58.98071857965182 1.571299775160829 1.45118950724202 0.10619537171980029 0.9943452836038865 0.5
24.023869242269498 58.98071857965182 1.571299775160829 1.45118950724202 0.10619537171980029 0.9943452836038865 0.5
24.023869242269498 58.98071857965182 1.571299775160829 1.45118950724202 0.10619537171980029 0.9943452836038865 0.5
24.023869242269498 58.98071857965182 1.571299775160829 1.45118950724202 0.10619537171980029 0.9943452836038865 0.5
24.023869242269498 58.98071857965182 1.571299775160829 1.45118950724202 0.10619537171980029 0.9943452836038865 0.5
24.023869242269498 58.98071857965182 1.571299775160829 1.45118950724202 0.10619537171980029 0.9943452836038865 0.5
24.023869242269498 58.98071857965182 1.571299775160829 1.45118950724202 0.10619537171980029 0.9943452836038865 0.5
24.023869242269498 58.98071857965182 1.571299775160829 1.45118950724202 0.10619537171980029 0.9943452836038865 0.5
24.023869242269498 58.98071857965182 1.571299775160829 1.45118950724202 0.10619537171980029 0.9943452836038865 0.5
24.023869242269498 58.98071857965182 1.571299775160829 1.45118950724202 0.10619537171980029 0.9943452836038865 0.5
24.023869242269498 58.98071857965182 1.571299775160829 1.45118950724202 0.10619537171980029 0.9943452836038865 0.5
24.023869242269498 58.98071857965182 1.571299775160829 1.45118950724202 0.10619537171980029 0.9943452836038865 0.5
24.023869242269498 58.98071857965182 1.571299775160829 1.45118950724202 0.10619537171980029 0.9943452836038865 0.5
24.023869242269498 58.98071857965182 1.571299775160829 1.45118950724202 0.10619537171980029 0.9943452836038865 0.5
24.023869242269498 58.98071857965182 1.571299775160829 1.45118950724202 0.10619537171980029 0.9943452836038865 0.5
24.023869242269498 58.98071857965182 1.571299775160829 1.45118950724202 0.10619537171980029 0.9943452836038865 0.5
24.023869242269498 58.98071857965182 1.571299775160829 1.45118950724202 0.10619537171980029 0.9943452836038865 0.5
24.023869242269498 58.98071857965182 1.571299775160829 1.45118950724202 0.10619537171980029 0.9943452836038865 0.5
24.023869242269498 58.98071857965182 1.571299775160829 1.45118950724202 0.10619537171980029 0.9943452836038865 0.5
24.023869242269498 58.98071857965182 1.571299775160829 1.45118950724202 0.10619537171980029 0.9943452836038865 0.5
24.023869242269498 58.98071857965182 1.571299775160829 1.45118950724202 0.10619537171980029 0.9943452836038865 0.5
24.023869242269498 58.98071857965182 1.571299775160829 1.45118950724202 0.10619537171980029 0.9943452836038865 0.5
24.023869242269498 58.98071857965182 1.571299775160829 1.45118950724202 0.10619537171980029 0.9943452836038865 0.5
24.023869242269498 58.98071857965182 1.571299775160829 1.45118950724202 0.10619537171980029 0.9943452836038865 0.5
24.023869242269498 58.98071857965182 1.571299775160829 1.45118950724202 0.10619537171980029 0.9943452836038865 0.5
24.023869242269498 58.98071857965182 1.571299775160829 1.45118950724202 0.10619537171980029 0.9943452836038865 0.5
24.023869242269498 58.98071857965182 1.571299775160829 1.45118950724202 0.10619537171980029 0.9943452836038865 0.5
23.983701288540953 58.98223553120475 1.6804734935715984 1.479962547547023 0.38090453511108513 0.9246143710389797 0.5
24.00161111874196 59.02125320461405 1.1936172783139083 1.6745151173715227 0.9542916106933237 0.2988771014319129 0.5
23.993358740976323 59.01220997092405 1.2947515610021298 1.4920223010506506 0.954036744546708 0.29968965623577926 0.5
23.993358740976323 59.01220997092405 1.2947515610021298 1.4920223010506506 0.954036744546708 0.29968965623577926 0.5
23.993358740976323 59.01220997092405 1.2947515610021298 1.4920223010506506 0.954036744546708 0.29968965623577926 0.5
24.00151042903586 59.01352466676323 1.1964110842072109 1.4657371510378892 0.9768782711891727 0.2137962658197124 0.5
