97.97192705442963 62.20400311810435 8.403593804538438 9.308226613206948 0.9325250493650633 0.3611052925487055 5
97.97192705442963 62.20400311810435 8.403593804538438 9.308226613206948 0.9325250493650633 0.3611052925487055 0.5
97.97192705442963 62.20400311810435 8.403593804538438 9.308226613206948 0.9325250493650633 0.3611052925487055 0.5
97.97192705442963 62.20400311810435 8.403593804538438 9.308226613206948 0.9325250493650633 0.3611052925487055 0.5
97.97192705442963 62.20400311810435 8.403593804538438 9.308226613206948 0.9325250493650633 0.3611052925487055 0.5
97.97192705442963 62.20400311810435 8.403593804538438 9.308226613206948 0.9325250493650633 0.3611052925487055 0.5
97.97192705442963 62.20400311810435 8.403593804538438 9.308226613206948 0.9325250493650633 0.3611052925487055 0.5
97.97192705442963 62.20400311810435 8.403593804538438 9.308226613206948 0.9325250493650633 0.3611052925487055 0.5
97.97192705442963 62.20400311810435 8.403593804538438 9.308226613206948 0.9325250493650633 0.3611052925487055 0.5
97.97192705442963 62.20400311810435 8.403593804538438 9.308226613206948 0.9325250493650633 0.3611052925487055 0.5
97.97192705442963 62.20400311810435 8.403593804538438 9.308226613206948 0.9325250493650633 0.3611052925487055 0.5
97.97192705442963 62.20400311810435 8.403593804538438 9.308226613206948 0.9325250493650633 0.3611052925487055 0.5
97.97192705442963 62.20400311810435 8.403593804538438 9.308226613206948 0.9325250493650633 0.3611052925487055 0.5
97.97192705442963 62.20400311810435 8.403593804538438 9.308226613206948 0.9325250493650633 0.3611052925487055 0.5
97.97192705442963 62.20400311810435 8.403593804538438 9.308226613206948 0.9325250493650633 0.3611052925487055 0.5
97.97192705442963 62.20400311810435 8.403593804538438 9.308226613206948 0.9325250493650633 0.3611052925487055 0.5
97.97192705442963 62.20400311810435 8.403593804538438 9.308226613206948 0.9325250493650633 0.3611052925487055 0.5
97.97192705442963 62.20400311810435 8.403593804538438 9.308226613206948 0.9325250493650633 0.3611052925487055 0.5
97.97192705442963 62.20400311810435 8.403593804538438 9.308226613206948 0.9325250493650633 0.3611052925487055 0.5
97.97192705442963 62.20400311810435 8.403593804538438 9.308226613206948 0.9325250493650633 0.3611052925487055 0.5
97.97192705442963 62.20400311810435 8.403593804538438 9.308226613206948 0.9325250493650633 0.3611052925487055 0.5
97.97192705442963 62.20400311810435 8.403593804538438 9.308226613206948 0.9325250493650633 0.3611052925487055 0.5
97.97192705442963 62.20400311810435 8.403593804538438 9.308226613206948 0.9325250493650633 0.3611052925487055 0.5
97.97192705442963 62.20400311810435 8.403593804538438 9.308226613206948 0.9325250493650633 0.3611052925487055 0.5
97.97192705442963 62.20400311810435 8.403593804538438 9.308226613206948 0.9325250493650633 0.3611052925487055 0.5
97.97192705442963 62.20400311810435 8.403593804538438 9.308226613206948 0.9325250493650633 0.3611052925487055 0.5
97.97192705442963 62.20400311810435 8.403593804538438 9.308226613206948 0.9325250493650633 0.3611052925487055 0.5
97.97192705442963 62.20400311810435 8.403593804538438 9.308226613206948 0.9325250493650633 0.3611052925487055 0.5
97.97192705442963 62.20400311810435 8.403593804538438 9.308226613206948 0.9325250493650633 0.3611052925487055 0.5
97.97192705442963 62.20400311810435 8.403593804538438 9.308226613206948 0.9325250493650633 0.3611052925487055 0.5
97.97192705442963 62.20400311810435 8.403593804538438 9.308226613206948 0.9325250493650633 0.3611052925487055 0.5
97.97192705442963 62.20400311810435 8.403593804538438 9.308226613206948 0.9325250493650633 0.3611052925487055 0.5
97.97192705442963 62.20400311810435 8.403593804538438 9.308226613206948 0.9325250493650633 0.3611052925487055 0.5
