104.00264907986079 136.03089841095854 6.001639841246246 5.717421516826653 0.24054120532857518 0.9706389279948936 5
104.00264907986079 136.03089841095854 6.001639841246246 5.717421516826653 0.24054120532857518 0.9706389279948936 0.5
104.00264907986079 136.03089841095854 6.001639841246246 5.717421516826653 0.24054120532857518 0.9706389279948936 0.5
104.00264907986079 136.03089841095854 6.001639841246246 5.717421516826653 0.24054120532857518 0.9706389279948936 0.5
104.00264907986079 136.03089841095854 6.001639841246246 5.717421516826653 0.24054120532857518 0.9706389279948936 0.5
104.00264907986079 136.03089841095854 6.001639841246246 5.717421516826653 0.24054120532857518 0.9706389279948936 0.5
104.00264907986079 136.03089841095854 6.001639841246246 5.717421516826653 0.24054120532857518 0.9706389279948936 0.5
104.00264907986079 136.03089841095854 6.001639841246246 5.717421516826653 0.24054120532857518 0.9706389279948936 0.5
104.00264907986079 136.03089841095854 6.001639841246246 5.717421516826653 0.24054120532857518 0.9706389279948936 0.5
104.00264907986079 136.03089841095854 6.001639841246246 5.717421516826653 0.24054120532857518 0.9706389279948936 0.5
104.00264907986079 136.03089841095854 6.001639841246246 5.717421516826653 0.24054120532857518 0.9706389279948936 0.5
104.00264907986079 136.03089841095854 6.001639841246246 5.717421516826653 0.24054120532857518 0.9706389279948936 0.5
104.00264907986079 136.03089841095854 6.001639841246246 5.717421516826653 0.24054120532857518 0.9706389279948936 0.5
104.00264907986079 136.03089841095854 6.001639841246246 5.717421516826653 0.24054120532857518 0.9706389279948936 0.5
104.00264907986079 136.03089841095854 6.001639841246246 5.717421516826653 0.24054120532857518 0.9706389279948936 0.5
104.00264907986079 136.03089841095854 6.001639841246246 5.717421516826653 0.24054120532857518 0.9706389279948936 0.5
104.00264907986079 136.03089841095854 6.001639841246246 5.717421516826653 0.24054120532857518 0.9706389279948936 0.5
104.00264907986079 136.03089841095854 6.001639841246246 5.717421516826653 0.24054120532857518 0.9706389279948936 0.5
104.00264907986079 136.03089841095854 6.001639841246246 5.717421516826653 0.24054120532857518 0.9706389279948936 0.5
104.00264907986079 136.03089841095854 6.001639841246246 5.717421516826653 0.24054120532857518 0.9706389279948936 0.5
104.00264907986079 136.03089841095854 6.001639841246246 5.717421516826653 0.24054120532857518 0.9706389279948936 0.5
104.00264907986079 136.03089841095854 6.001639841246246 5.717421516826653 0.24054120532857518 0.9706389279948936 0.5
104.00264907986079 136.03089841095854 6.001639841246246 5.717421516826653 0.24054120532857518 0.9706389279948936 0.5
104.00264907986079 136.03089841095854 6.001639841246246 5.717421516826653 0.24054120532857518 0.9706389279948936 0.5
104.00264907986079 136.03089841095854 6.001639841246246 5.717421516826653 0.24054120532857518 0.9706389279948936 0.5
104.00264907986079 136.03089841095854 6.001639841246246 5.717421516826653 0.24054120532857518 0.9706389279948936 0.5
104.00264907986079 136.03089841095854 6.001639841246246 5.717421516826653 0.24054120532857518 0.9706389279948936 0.5
104.00264907986079 136.03089841095854 6.001639841246246 5.717421516826653 0.24054120532857518 0.9706389279948936 0.5
104.00264907986079 136.03089841095854 6.001639841246246 5.717421516826653 0.24054120532857518 0.9706389279948936 0.5
104.00264907986079 136.03089841095854 6.001639841246246 5.717421516826653 0.24054120532857518 0.9706389279948936 0.5
104.00264907986079 136.03089841095854 6.001639841246246 5.717421516826653 0.24054120532857518 0.9706389279948936 0.5
104.00264907986079 136.03089841095854 6.001639841246246 5.717421516826653 0.24054120532857518 0.9706389279948936 0.5
104.00264907986079 136.03089841095854 6.001639841246246 5.717421516826653 0.24054120532857518 0.9706389279948936 0.5
