20.065528438688954 66.90375287246462 10.448737513270776 12.004991273590054 0.9993485979840325 0.03608849826951153 5
20.065528438688954 66.90375287246462 10.448737513270776 12.004991273590054 0.9993485979840325 0.03608849826951153 0.5
20.065528438688954 66.90375287246462 10.448737513270776 12.004991273590054 0.9993485979840325 0.03608849826951153 0.5
20.065528438688954 66.90375287246462 10.448737513270776 12.004991273590054 0.9993485979840325 0.03608849826951153 0.5
20.065528438688954 66.90375287246462 10.448737513270776 12.004991273590054 0.9993485979840325 0.03608849826951153 0.5
20.065528438688954 66.90375287246462 10.448737513270776 12.004991273590054 0.9993485979840325 0.03608849826951153 0.5
20.065528438688954 66.90375287246462 10.448737513270776 12.004991273590054 0.9993485979840325 0.03608849826951153 0.5
20.065528438688954 66.90375287246462 10.448737513270776 12.004991273590054 0.9993485979840325 0.03608849826951153 0.5
20.065528438688954 66.90375287246462 10.448737513270776 12.004991273590054 0.9993485979840325 0.03608849826951153 0.5
20.065528438688954 66.90375287246462 10.448737513270776 12.004991273590054 0.9993485979840325 0.03608849826951153 0.5
20.065528438688954 66.90375287246462 10.448737513270776 12.004991273590054 0.9993485979840325 0.03608849826951153 0.5
20.065528438688954 66.90375287246462 10.448737513270776 12.004991273590054 0.9993485979840325 0.03608849826951153 0.5
20.065528438688954 66.90375287246462 10.448737513270776 12.004991273590054 0.9993485979840325 0.03608849826951153 0.5
20.065528438688954 66.90375287246462 10.448737513270776 12.004991273590054 0.9993485979840325 0.03608849826951153 0.5
20.065528438688954 66.90375287246462 10.448737513270776 12.004991273590054 0.9993485979840325 0.03608849826951153 0.5
20.065528438688954 66.90375287246462 10.448737513270776 12.004991273590054 0.9993485979840325 0.03608849826951153 0.5
20.065528438688954 66.90375287246462 10.448737513270776 12.004991273590054 0.9993485979840325 0.03608849826951153 0.5
20.065528438688954 66.90375287246462 10.448737513270776 12.004991273590054 0.9993485979840325 0.03608849826951153 0.5
20.065528438688954 66.90375287246462 10.448737513270776 12.004991273590054 0.9993485979840325 0.03608849826951153 0.5
20.065528438688954 66.90375287246462 10.448737513270776 12.004991273590054 0.9993485979840325 0.03608849826951153 0.5
20.065528438688954 66.90375287246462 10.448737513270776 12.004991273590054 0.9993485979840325 0.03608849826951153 0.5
20.065528438688954 66.90375287246462 10.448737513270776 12.004991273590054 0.9993485979840325 0.03608849826951153 0.5
20.065528438688954 66.90375287246462 10.448737513270776 12.004991273590054 0.9993485979840325 0.03608849826951153 0.5
20.065528438688954 66.90375287246462 10.448737513270776 12.004991273590054 0.9993485979840325 0.03608849826951153 0.5
20.065528438688954 66.90375287246462 10.448737513270776 12.004991273590054 0.9993485979840325 0.03608849826951153 0.5
20.065528438688954 66.90375287246462 10.448737513270776 12.004991273590054 0.9993485979840325 0.03608849826951153 0.5
20.065528438688954 66.90375287246462 10.448737513270776 12.004991273590054 0.9993485979840325 0.03608849826951153 0.5
20.065528438688954 66.90375287246462 10.448737513270776 12.004991273590054 0.9993485979840325 0.03608849826951153 0.5
20.065528438688954 66.90375287246462 10.448737513270776 12.004991273590054 0.9993485979840325 0.03608849826951153 0.5
20.00551193705426 66.95756100167948 10.719743825353326 3.6071648278886146 0.07653916116554152 0.9970665759156082 0.5
20.038514521767237 67.01852065934679 10.613483790410477 2.627864454471382 0.08765203686957343 0.9961511534062564 0.5
19.737279410298143 66.96877002310204 10.702094612486103 2.572058509924693 0.08940078142414846 0.9959957330635265 0.5
19.88790592987971 66.92059738344416 10.839317594264859 2.0078802309295556 0.08141518106565136 0.9966802738551853 0.5
