128.16490025109127 10.015820429040115 8.663792846944716 8.131205779807978 0.07649188116982203 0.9970702042058532 5
128.16490025109127 10.015820429040115 8.663792846944716 8.131205779807978 0.07649188116982203 0.9970702042058532 0.5
128.16490025109127 10.015820429040115 8.663792846944716 8.131205779807978 0.07649188116982203 0.9970702042058532 0.5
128.16490025109127 10.015820429040115 8.663792846944716 8.131205779807978 0.07649188116982203 0.9970702042058532 0.5
128.16490025109127 10.015820429040115 8.663792846944716 8.131205779807978 0.07649188116982203 0.9970702042058532 0.5
128.16490025109127 10.015820429040115 8.663792846944716 8.131205779807978 0.07649188116982203 0.9970702042058532 0.5
128.16490025109127 10.015820429040115 8.663792846944716 8.131205779807978 0.07649188116982203 0.9970702042058532 0.5
128.16490025109127 10.015820429040115 8.663792846944716 8.131205779807978 0.07649188116982203 0.9970702042058532 0.5
128.16490025109127 10.015820429040115 8.663792846944716 8.131205779807978 0.07649188116982203 0.9970702042058532 0.5
128.16490025109127 10.015820429040115 8.663792846944716 8.131205779807978 0.07649188116982203 0.9970702042058532 0.5
128.16490025109127 10.015820429040115 8.663792846944716 8.131205779807978 0.07649188116982203 0.9970702042058532 0.5
128.16490025109127 10.015820429040115 8.663792846944716 8.131205779807978 0.07649188116982203 0.9970702042058532 0.5
128.16490025109127 10.015820429040115 8.663792846944716 8.131205779807978 0.07649188116982203 0.9970702042058532 0.5
128.16490025109127 10.015820429040115 8.663792846944716 8.131205779807978 0.07649188116982203 0.9970702042058532 0.5
128.16490025109127 10.015820429040115 8.663792846944716 8.131205779807978 0.07649188116982203 0.9970702042058532 0.5
128.16490025109127 10.015820429040115 8.663792846944716 8.131205779807978 0.07649188116982203 0.9970702042058532 0.5
128.16490025109127 10.015820429040115 8.663792846944716 8.131205779807978 0.07649188116982203 0.9970702042058532 0.5
128.16490025109127 10.015820429040115 8.663792846944716 8.131205779807978 0.07649188116982203 0.9970702042058532 0.5
128.16490025109127 10.015820429040115 8.663792846944716 8.131205779807978 0.07649188116982203 0.9970702042058532 0.5
128.16490025109127 10.015820429040115 8.663792846944716 8.131205779807978 0.07649188116982203 0.9970702042058532 0.5
128.16490025109127 10.015820429040115 8.663792846944716 8.131205779807978 0.07649188116982203 0.9970702042058532 0.5
128.039199227885 9.868911507012738 3.6293432167894633 8.109445055615636 0.999467274135801 0.03263691056995955 0.5
128.04709620296535 9.800559238165166 2.816339555818133 8.790035088390265 0.9999969903788725 0.0024534125615460352 0.5
127.97242395326158 9.91383917010517 2.4011592738011758 9.010136403220308 0.9999523910802229 0.009757846737105414 0.5
128.00189942789214 9.998002414534659 2.0349440972581183 8.75033917391707 0.9999927165129744 0.0038166635956160843 0.5
128.01566987623332 9.944507964852432 1.9203072360534938 8.712082292381226 0.9999886589483057 0.004762559686673123 0.5
128.01637437342688 10.054118692804957 1.843822356397227 4.6633203924500135 0.9979876160669747 0.06340913322981684 0.5
127.96960647656284 9.988225540319966 1.648062274108814 3.069960679833491 0.9956902775415803 0.09274088208104704 0.5
127.96960647656284 9.988225540319966 1.648062274108814 3.069960679833491 0.9956902775415803 0.09274088208104704 0.5
127.96960647656284 9.988225540319966 1.648062274108814 3.069960679833491 0.9956902775415803 0.09274088208104704 0.5
127.96960647656284 9.988225540319966 1.648062274108814 3.069960679833491 0.9956902775415803 0.09274088208104704 0.5
127.96960647656284 9.988225540319966 1.648062274108814 3.069960679833491 0.9956902775415803 0.09274088208104704 0.5
127.96960647656284 9.988225540319966 1.648062274108814 3.069960679833491 0.9956902775415803 0.09274088208104704 0.5
127.96960647656284 9.988225540319966 1.648062274108814 3.069960679833491 0.9956902775415803 0.09274088208104704 0.5
127.96960647656284 9.988225540319966 1.648062274108814 3.069960679833491 0.9956902775415803 0.09274088208104704 0.5
127.96960647656284 9.988225540319966 1.648062274108814 3.069960679833491 0.9956902775415803 0.09274088208104704 0.5
127.96960647656284 9.988225540319966 1.648062274108814 3.069960679833491 0.9956902775415803 0.09274088208104704 0.5
127.96960647656284 9.988225540319966 1.648062274108814 3.069960679833491 0.9956902775415803 0.09274088208104704 0.5
127.96960647656284 9.988225540319966 1.648062274108814 3.069960679833491 0.9956902775415803 0.09274088208104704 0.5
127.96960647656284 9.988225540319966 1.648062274108814 3.069960679833491 0.9956902775415803 0.09274088208104704 0.5
127.96960647656284 9.988225540319966 1.648062274108814 3.069960679833491 0.9956902775415803 0.09274088208104704 0.5
127.96960647656284 9.988225540319966 1.648062274108814 3.069960679833491 0.9956902775415803 0.09274088208104704 0.5
127.96960647656284 9.988225540319966 1.648062274108814 3.069960679833491 0.9956902775415803 0.09274088208104704 0.5
127.96960647656284 9.988225540319966 1.648062274108814 3.069960679833491 0.9956902775415803 0.09274088208104704 0.5
127.96960647656284 9.988225540319966 1.648062274108814 3.069960679833491 0.9956902775415803 0.09274088208104704 0.5
127.96960647656284 9.988225540319966 1.648062274108814 3.069960679833491 0.9956902775415803 0.09274088208104704 0.5
127.96960647656284 9.988225540319966 1.648062274108814 3.069960679833491 0.9956902775415803 0.09274088208104704 0.5
127.96960647656284 9.988225540319966 1.648062274108814 3.069960679833491 0.9956902775415803 0.09274088208104704 0.5
127.96960647656284 9.988225540319966 1.648062274108814 3.069960679833491 0.9956902775415803 0.09274088208104704 0.5
127.96960647656284 9.988225540319966 1.648062274108814 3.069960679833491 0.9956902775415803 0.09274088208104704 0.5
127.96960647656284 9.988225540319966 1.648062274108814 3.069960679833491 0.9956902775415803 0.09274088208104704 0.5
127.96960647656284 9.988225540319966 1.648062274108814 3.069960679833491 0.9956902775415803 0.09274088208104704 0.5
127.96960647656284 9.988225540319966 1.648062274108814 3.069960679833491 0.9956902775415803 0.09274088208104704 0.5
127.96960647656284 9.988225540319966 1.648062274108814 3.069960679833491 0.9956902775415803 0.09274088208104704 0.5
127.96960647656284 9.988225540319966 1.648062274108814 3.069960679833491 0.9956902775415803 0.09274088208104704 0.5
127.96960647656284 9.988225540319966 1.648062274108814 3.069960679833491 0.9956902775415803 0.09274088208104704 0.5
127.98566386418129 9.955634207819099 1.8857530605590225 2.511839340637044 0.9975252642733592 0.07030894065739375 0.5
127.98566386418129 9.955634207819099 1.8857530605590225 2.511839340637044 0.9975252642733592 0.07030894065739375 0.5
127.98566386418129 9.955634207819099 1.8857530605590225 2.511839340637044 0.9975252642733592 0.07030894065739375 0.5
127.98566386418129 9.955634207819099 1.8857530605590225 2.511839340637044 0.9975252642733592 0.07030894065739375 0.5
127.98566386418129 9.955634207819099 1.8857530605590225 2.511839340637044 0.9975252642733592 0.07030894065739375 0.5
127.98566386418129 9.955634207819099 1.8857530605590225 2.511839340637044 0.9975252642733592 0.07030894065739375 0.5
127.98566386418129 9.955634207819099 1.8857530605590225 2.511839340637044 0.9975252642733592 0.07030894065739375 0.5
127.98566386418129 9.955634207819099 1.8857530605590225 2.511839340637044 0.9975252642733592 0.07030894065739375 0.5
127.98566386418129 9.955634207819099 1.8857530605590225 2.511839340637044 0.9975252642733592 0.07030894065739375 0.5
127.98566386418129 9.955634207819099 1.8857530605590225 2.511839340637044 0.9975252642733592 0.07030894065739375 0.5
127.98566386418129 9.955634207819099 1.8857530605590225 2.511839340637044 0.9975252642733592 0.07030894065739375 0.5
127.98566386418129 9.955634207819099 1.8857530605590225 2.511839340637044 0.9975252642733592 0.07030894065739375 0.5
127.98566386418129 9.955634207819099 1.8857530605590225 2.511839340637044 0.9975252642733592 0.07030894065739375 0.5
127.98566386418129 9.955634207819099 1.8857530605590225 2.511839340637044 0.9975252642733592 0.07030894065739375 0.5
127.98566386418129 9.955634207819099 1.8857530605590225 2.511839340637044 0.9975252642733592 0.07030894065739375 0.5
127.98566386418129 9.955634207819099 1.8857530605590225 2.511839340637044 0.9975252642733592 0.07030894065739375 0.5
127.98566386418129 9.955634207819099 1.8857530605590225 2.511839340637044 0.9975252642733592 0.07030894065739375 0.5
127.98566386418129 9.955634207819099 1.8857530605590225 2.511839340637044 0.9975252642733592 0.07030894065739375 0.5
127.98566386418129 9.955634207819099 1.8857530605590225 2.511839340637044 0.9975252642733592 0.07030894065739375 0.5
127.98566386418129 9.955634207819099 1.8857530605590225 2.511839340637044 0.9975252642733592 0.07030894065739375 0.5
127.98566386418129 9.955634207819099 1.8857530605590225 2.511839340637044 0.9975252642733592 0.07030894065739375 0.5
127.98566386418129 9.955634207819099 1.8857530605590225 2.511839340637044 0.9975252642733592 0.07030894065739375 0.5
