9.683197458148177 131.8685166335846 10.57330566861652 8.907164207966577 0.062278931599205424 0.9980587831780559 5
9.683197458148177 131.8685166335846 10.57330566861652 8.907164207966577 0.062278931599205424 0.9980587831780559 0.5
9.683197458148177 131.8685166335846 10.57330566861652 8.907164207966577 0.062278931599205424 0.9980587831780559 0.5
9.683197458148177 131.8685166335846 10.57330566861652 8.907164207966577 0.062278931599205424 0.9980587831780559 0.5
9.683197458148177 131.8685166335846 10.57330566861652 8.907164207966577 0.062278931599205424 0.9980587831780559 0.5
9.683197458148177 131.8685166335846 10.57330566861652 8.907164207966577 0.062278931599205424 0.9980587831780559 0.5
9.683197458148177 131.8685166335846 10.57330566861652 8.907164207966577 0.062278931599205424 0.9980587831780559 0.5
9.683197458148177 131.8685166335846 10.57330566861652 8.907164207966577 0.062278931599205424 0.9980587831780559 0.5
9.68444121497483 132.00674971052243 10.52705823773305 4.055619640000585 0.08959508390060751 0.9959782733277083 0.5
9.604719162563178 132.0322608199319 9.868946267916725 2.9132380021688933 0.13194823924787963 0.9912566076245769 0.5
9.51939860175917 131.99933420810223 10.360281649846607 2.173184973346966 0.11545947393131514 0.9933121915488121 0.5
9.844126417049713 132.00317692413978 10.501399688435841 2.137330041720573 0.11459824603364403 0.9934119196013366 0.5
9.726670826969 132.03680641148895 10.507602624960402 1.8342362686392626 0.11708869944365038 0.9931214610824773 0.5
9.726670826969 132.03680641148895 10.507602624960402 1.8342362686392626 0.11708869944365038 0.9931214610824773 0.5
9.726670826969 132.03680641148895 10.507602624960402 1.8342362686392626 0.11708869944365038 0.9931214610824773 0.5
9.726670826969 132.03680641148895 10.507602624960402 1.8342362686392626 0.11708869944365038 0.9931214610824773 0.5
9.748362765109452 132.0244838634174 10.117110865305794 1.7473567006336634 0.1156738461506042 0.9932872501531097 0.5
9.485768328496965 131.9881318012318 4.637630022013285 1.741806167932471 0.1180078174585628 0.9930126660917606 0.5
9.612659913652946 132.02118250736817 3.8440559122709033 1.5393694193573368 0.19739134800315813 0.9803247705395881 0.5
9.612659913652946 132.02118250736817 3.8440559122709033 1.5393694193573368 0.19739134800315813 0.9803247705395881 0.5
9.612659913652946 132.02118250736817 3.8440559122709033 1.5393694193573368 0.19739134800315813 0.9803247705395881 0.5
9.612659913652946 132.02118250736817 3.8440559122709033 1.5393694193573368 0.19739134800315813 0.9803247705395881 0.5
9.634716893806697 132.0271508406153 3.767697820078202 1.5704476765674262 0.16650186469727718 0.9860411396348174 0.5
9.634716893806697 132.0271508406153 3.767697820078202 1.5704476765674262 0.16650186469727718 0.9860411396348174 0.5
9.634716893806697 132.0271508406153 3.767697820078202 1.5704476765674262 0.16650186469727718 0.9860411396348174 0.5
9.634716893806697 132.0271508406153 3.767697820078202 1.5704476765674262 0.16650186469727718 0.9860411396348174 0.5
9.634716893806697 132.0271508406153 3.767697820078202 1.5704476765674262 0.16650186469727718 0.9860411396348174 0.5
9.634716893806697 132.0271508406153 3.767697820078202 1.5704476765674262 0.16650186469727718 0.9860411396348174 0.5
9.634716893806697 132.0271508406153 3.767697820078202 1.5704476765674262 0.16650186469727718 0.9860411396348174 0.5
9.634716893806697 132.0271508406153 3.767697820078202 1.5704476765674262 0.16650186469727718 0.9860411396348174 0.5
9.634716893806697 132.0271508406153 3.767697820078202 1.5704476765674262 0.16650186469727718 0.9860411396348174 0.5
9.634716893806697 132.0271508406153 3.767697820078202 1.5704476765674262 0.16650186469727718 0.9860411396348174 0.5
9.634716893806697 132.0271508406153 3.767697820078202 1.5704476765674262 0.16650186469727718 0.9860411396348174 0.5
