134.94705788567518 94.86073483452338 9.295279824821689 8.382916803622606 0.24994832311539564 0.9682591779951284 5
134.94705788567518 94.86073483452338 9.295279824821689 8.382916803622606 0.24994832311539564 0.9682591779951284 0.5
134.94705788567518 94.86073483452338 9.295279824821689 8.382916803622606 0.24994832311539564 0.9682591779951284 0.5
134.94705788567518 94.86073483452338 9.295279824821689 8.382916803622606 0.24994832311539564 0.9682591779951284 0.5
134.94705788567518 94.86073483452338 9.295279824821689 8.382916803622606 0.24994832311539564 0.9682591779951284 0.5
134.94705788567518 94.86073483452338 9.295279824821689 8.382916803622606 0.24994832311539564 0.9682591779951284 0.5
134.94705788567518 94.86073483452338 9.295279824821689 8.382916803622606 0.24994832311539564 0.9682591779951284 0.5
134.94705788567518 94.86073483452338 9.295279824821689 8.382916803622606 0.24994832311539564 0.9682591779951284 0.5
134.94705788567518 94.86073483452338 9.295279824821689 8.382916803622606 0.24994832311539564 0.9682591779951284 0.5
134.94705788567518 94.86073483452338 9.295279824821689 8.382916803622606 0.24994832311539564 0.9682591779951284 0.5
134.94705788567518 94.86073483452338 9.295279824821689 8.382916803622606 0.24994832311539564 0.9682591779951284 0.5
134.94705788567518 94.86073483452338 9.295279824821689 8.382916803622606 0.24994832311539564 0.9682591779951284 0.5
134.94705788567518 94.86073483452338 9.295279824821689 8.382916803622606 0.24994832311539564 0.9682591779951284 0.5
134.94705788567518 94.86073483452338 9.295279824821689 8.382916803622606 0.24994832311539564 0.9682591779951284 0.5
134.94705788567518 94.86073483452338 9.295279824821689 8.382916803622606 0.24994832311539564 0.9682591779951284 0.5
134.94705788567518 94.86073483452338 9.295279824821689 8.382916803622606 0.24994832311539564 0.9682591779951284 0.5
134.94705788567518 94.86073483452338 9.295279824821689 8.382916803622606 0.24994832311539564 0.9682591779951284 0.5
134.94705788567518 94.86073483452338 9.295279824821689 8.382916803622606 0.24994832311539564 0.9682591779951284 0.5
134.94705788567518 94.86073483452338 9.295279824821689 8.382916803622606 0.24994832311539564 0.9682591779951284 0.5
134.94705788567518 94.86073483452338 9.295279824821689 8.382916803622606 0.24994832311539564 0.9682591779951284 0.5
134.94705788567518 94.86073483452338 9.295279824821689 8.382916803622606 0.24994832311539564 0.9682591779951284 0.5
134.94705788567518 94.86073483452338 9.295279824821689 8.382916803622606 0.24994832311539564 0.9682591779951284 0.5
134.94705788567518 94.86073483452338 9.295279824821689 8.382916803622606 0.24994832311539564 0.9682591779951284 0.5
134.94705788567518 94.86073483452338 9.295279824821689 8.382916803622606 0.24994832311539564 0.9682591779951284 0.5
134.94705788567518 94.86073483452338 9.295279824821689 8.382916803622606 0.24994832311539564 0.9682591779951284 0.5
134.94705788567518 94.86073483452338 9.295279824821689 8.382916803622606 0.24994832311539564 0.9682591779951284 0.5
134.94705788567518 94.86073483452338 9.295279824821689 8.382916803622606 0.24994832311539564 0.9682591779951284 0.5
134.94705788567518 94.86073483452338 9.295279824821689 8.382916803622606 0.24994832311539564 0.9682591779951284 0.5
134.94705788567518 94.86073483452338 9.295279824821689 8.382916803622606 0.24994832311539564 0.9682591779951284 0.5
134.94705788567518 94.86073483452338 9.295279824821689 8.382916803622606 0.24994832311539564 0.9682591779951284 0.5
134.94705788567518 94.86073483452338 9.295279824821689 8.382916803622606 0.24994832311539564 0.9682591779951284 0.5
134.94705788567518 94.86073483452338 9.295279824821689 8.382916803622606 0.24994832311539564 0.9682591779951284 0.5
134.94705788567518 94.86073483452338 9.295279824821689 8.382916803622606 0.24994832311539564 0.9682591779951284 0.5
