25.07327468311636 38.052042871402435 6.169753644678047 13.685825794927055 0.9988965990552904 0.046963649728002405 5
25.07327468311636 38.052042871402435 6.169753644678047 13.685825794927055 0.9988965990552904 0.046963649728002405 0.5
25.07327468311636 38.052042871402435 6.169753644678047 13.685825794927055 0.9988965990552904 0.046963649728002405 0.5
25.07327468311636 38.052042871402435 6.169753644678047 13.685825794927055 0.9988965990552904 0.046963649728002405 0.5
25.07327468311636 38.052042871402435 6.169753644678047 13.685825794927055 0.9988965990552904 0.046963649728002405 0.5
25.07327468311636 38.052042871402435 6.169753644678047 13.685825794927055 0.9988965990552904 0.046963649728002405 0.5
25.0524403150679 37.970371888657546 6.336851442348802 3.6158015181108705 0.2460583563217666 0.9692550156095302 0.5
24.996469070692054 37.981214822472424 5.556750260004098 2.9158857801851576 0.1570517634024373 0.9875903723772245 0.5
25.018142687193098 38.00337786109851 6.146310099314366 2.2793990287492294 0.18129741117332387 0.9834283139618519 0.5
25.01925455526168 37.9556252112372 4.01571222001775 1.9434353320613766 0.2588877899520457 0.9659074035401869 0.5
25.01925455526168 37.9556252112372 4.01571222001775 1.9434353320613766 0.2588877899520457 0.9659074035401869 0.5
25.01925455526168 37.9556252112372 4.01571222001775 1.9434353320613766 0.2588877899520457 0.9659074035401869 0.5
25.01925455526168 37.9556252112372 4.01571222001775 1.9434353320613766 0.2588877899520457 0.9659074035401869 0.5
25.01925455526168 37.9556252112372 4.01571222001775 1.9434353320613766 0.2588877899520457 0.9659074035401869 0.5
25.01925455526168 37.9556252112372 4.01571222001775 1.9434353320613766 0.2588877899520457 0.9659074035401869 0.5
25.01925455526168 37.9556252112372 4.01571222001775 1.9434353320613766 0.2588877899520457 0.9659074035401869 0.5
25.01925455526168 37.9556252112372 4.01571222001775 1.9434353320613766 0.2588877899520457 0.9659074035401869 0.5
25.01925455526168 37.9556252112372 4.01571222001775 1.9434353320613766 0.2588877899520457 0.9659074035401869 0.5
25.01925455526168 37.9556252112372 4.01571222001775 1.9434353320613766 0.2588877899520457 0.9659074035401869 0.5
25.01925455526168 37.9556252112372 4.01571222001775 1.9434353320613766 0.2588877899520457 0.9659074035401869 0.5
25.01925455526168 37.9556252112372 4.01571222001775 1.9434353320613766 0.2588877899520457 0.9659074035401869 0.5
25.01925455526168 37.9556252112372 4.01571222001775 1.9434353320613766 0.2588877899520457 0.9659074035401869 0.5
25.01925455526168 37.9556252112372 4.01571222001775 1.9434353320613766 0.2588877899520457 0.9659074035401869 0.5
25.01925455526168 37.9556252112372 4.01571222001775 1.9434353320613766 0.2588877899520457 0.9659074035401869 0.5
25.01925455526168 37.9556252112372 4.01571222001775 1.9434353320613766 0.2588877899520457 0.9659074035401869 0.5
25.01925455526168 37.9556252112372 4.01571222001775 1.9434353320613766 0.2588877899520457 0.9659074035401869 0.5
25.01925455526168 37.9556252112372 4.01571222001775 1.9434353320613766 0.2588877899520457 0.9659074035401869 0.5
25.01925455526168 37.9556252112372 4.01571222001775 1.9434353320613766 0.2588877899520457 0.9659074035401869 0.5
25.01925455526168 37.9556252112372 4.01571222001775 1.9434353320613766 0.2588877899520457 0.9659074035401869 0.5
25.01925455526168 37.9556252112372 4.01571222001775 1.9434353320613766 0.2588877899520457 0.9659074035401869 0.5
25.01925455526168 37.9556252112372 4.01571222001775 1.9434353320613766 0.2588877899520457 0.9659074035401869 0.5
25.01925455526168 37.9556252112372 4.01571222001775 1.9434353320613766 0.2588877899520457 0.9659074035401869 0.5
25.01925455526168 37.9556252112372 4.01571222001775 1.9434353320613766 0.2588877899520457 0.9659074035401869 0.5
25.01925455526168 37.9556252112372 4.01571222001775 1.9434353320613766 0.2588877899520457 0.9659074035401869 0.5
25.01925455526168 37.9556252112372 4.01571222001775 1.9434353320613766 0.2588877899520457 0.9659074035401869 0.5
25.01925455526168 37.9556252112372 4.01571222001775 1.9434353320613766 0.2588877899520457 0.9659074035401869 0.5
25.01925455526168 37.9556252112372 4.01571222001775 1.9434353320613766 0.2588877899520457 0.9659074035401869 0.5
25.01925455526168 37.9556252112372 4.01571222001775 1.9434353320613766 0.2588877899520457 0.9659074035401869 0.5
25.01925455526168 37.9556252112372 4.01571222001775 1.9434353320613766 0.2588877899520457 0.9659074035401869 0.5
25.01925455526168 37.9556252112372 4.01571222001775 1.9434353320613766 0.2588877899520457 0.9659074035401869 0.5
25.01925455526168 37.9556252112372 4.01571222001775 1.9434353320613766 0.2588877899520457 0.9659074035401869 0.5
25.01925455526168 37.9556252112372 4.01571222001775 1.9434353320613766 0.2588877899520457 0.9659074035401869 0.5
25.01925455526168 37.9556252112372 4.01571222001775 1.9434353320613766 0.2588877899520457 0.9659074035401869 0.5
25.01925455526168 37.9556252112372 4.01571222001775 1.9434353320613766 0.2588877899520457 0.9659074035401869 0.5
25.01925455526168 37.9556252112372 4.01571222001775 1.9434353320613766 0.2588877899520457 0.9659074035401869 0.5
25.01925455526168 37.9556252112372 4.01571222001775 1.9434353320613766 0.2588877899520457 0.9659074035401869 0.5
25.01925455526168 37.9556252112372 4.01571222001775 1.9434353320613766 0.2588877899520457 0.9659074035401869 0.5
25.01925455526168 37.9556252112372 4.01571222001775 1.9434353320613766 0.2588877899520457 0.9659074035401869 0.5
25.01925455526168 37.9556252112372 4.01571222001775 1.9434353320613766 0.2588877899520457 0.9659074035401869 0.5
25.01925455526168 37.9556252112372 4.01571222001775 1.9434353320613766 0.2588877899520457 0.9659074035401869 0.5
25.01925455526168 37.9556252112372 4.01571222001775 1.9434353320613766 0.2588877899520457 0.9659074035401869 0.5
25.01925455526168 37.9556252112372 4.01571222001775 1.9434353320613766 0.2588877899520457 0.9659074035401869 0.5
25.01925455526168 37.9556252112372 4.01571222001775 1.9434353320613766 0.2588877899520457 0.9659074035401869 0.5
25.01925455526168 37.9556252112372 4.01571222001775 1.9434353320613766 0.2588877899520457 0.9659074035401869 0.5
25.01925455526168 37.9556252112372 4.01571222001775 1.9434353320613766 0.2588877899520457 0.9659074035401869 0.5
25.01925455526168 37.9556252112372 4.01571222001775 1.9434353320613766 0.2588877899520457 0.9659074035401869 0.5
25.01925455526168 37.9556252112372 4.01571222001775 1.9434353320613766 0.2588877899520457 0.9659074035401869 0.5
25.01925455526168 37.9556252112372 4.01571222001775 1.9434353320613766 0.2588877899520457 0.9659074035401869 0.5
25.01925455526168 37.9556252112372 4.01571222001775 1.9434353320613766 0.2588877899520457 0.9659074035401869 0.5
25.01925455526168 37.9556252112372 4.01571222001775 1.9434353320613766 0.2588877899520457 0.9659074035401869 0.5
25.01925455526168 37.9556252112372 4.01571222001775 1.9434353320613766 0.2588877899520457 0.9659074035401869 0.5
25.01925455526168 37.9556252112372 4.01571222001775 1.9434353320613766 0.2588877899520457 0.9659074035401869 0.5
25.01925455526168 37.9556252112372 4.01571222001775 1.9434353320613766 0.2588877899520457 0.9659074035401869 0.5
25.01925455526168 37.9556252112372 4.01571222001775 1.9434353320613766 0.2588877899520457 0.9659074035401869 0.5
25.01925455526168 37.9556252112372 4.01571222001775 1.9434353320613766 0.2588877899520457 0.9659074035401869 0.5
25.01925455526168 37.9556252112372 4.01571222001775 1.9434353320613766 0.2588877899520457 0.9659074035401869 0.5
25.01925455526168 37.9556252112372 4.01571222001775 1.9434353320613766 0.2588877899520457 0.9659074035401869 0.5
25.01925455526168 37.9556252112372 4.01571222001775 1.9434353320613766 0.2588877899520457 0.9659074035401869 0.5
25.01925455526168 37.9556252112372 4.01571222001775 1.9434353320613766 0.2588877899520457 0.9659074035401869 0.5
25.01925455526168 37.9556252112372 4.01571222001775 1.9434353320613766 0.2588877899520457 0.9659074035401869 0.5
25.01925455526168 37.9556252112372 4.01571222001775 1.9434353320613766 0.2588877899520457 0.9659074035401869 0.5
25.01925455526168 37.9556252112372 4.01571222001775 1.9434353320613766 0.2588877899520457 0.9659074035401869 0.5
25.01925455526168 37.9556252112372 4.01571222001775 1.9434353320613766 0.2588877899520457 0.9659074035401869 0.5
25.01925455526168 37.9556252112372 4.01571222001775 1.9434353320613766 0.2588877899520457 0.9659074035401869 0.5
25.01925455526168 37.9556252112372 4.01571222001775 1.9434353320613766 0.2588877899520457 0.9659074035401869 0.5
25.01925455526168 37.9556252112372 4.01571222001775 1.9434353320613766 0.2588877899520457 0.9659074035401869 0.5
25.01925455526168 37.9556252112372 4.01571222001775 1.9434353320613766 0.2588877899520457 0.9659074035401869 0.5
25.01925455526168 37.9556252112372 4.01571222001775 1.9434353320613766 0.2588877899520457 0.9659074035401869 0.5
