43.35398290992676 21.84566211159764 14.561996561417422 12.167140107168596 0.08157300640440575 0.9966673690987112 5
43.35398290992676 21.84566211159764 14.561996561417422 12.167140107168596 0.08157300640440575 0.9966673690987112 0.5
43.35398290992676 21.84566211159764 14.561996561417422 12.167140107168596 0.08157300640440575 0.9966673690987112 0.5
43.35398290992676 21.84566211159764 14.561996561417422 12.167140107168596 0.08157300640440575 0.9966673690987112 0.5
42.969604741368755 22.03238174008915 4.078422522738443 12.323894945675157 0.9409813671683174 0.33845836766439125 0.5
43.0905827871079 21.976144525067316 2.7645371335648887 12.646417845046901 0.9474022127917281 0.32004538302768415 0.5
43.012117618813555 22.034750425135762 2.373486234414953 11.992797941946328 0.9401397167204074 0.34078925018972067 0.5
43.12380756227245 21.82288111558737 2.0468512519528916 11.739991310352638 0.9405326340292356 0.3397033475343274 0.5
43.12380756227245 21.82288111558737 2.0468512519528916 11.739991310352638 0.9405326340292356 0.3397033475343274 0.5
43.12380756227245 21.82288111558737 2.0468512519528916 11.739991310352638 0.9405326340292356 0.3397033475343274 0.5
43.12380756227245 21.82288111558737 2.0468512519528916 11.739991310352638 0.9405326340292356 0.3397033475343274 0.5
43.12380756227245 21.82288111558737 2.0468512519528916 11.739991310352638 0.9405326340292356 0.3397033475343274 0.5
43.12380756227245 21.82288111558737 2.0468512519528916 11.739991310352638 0.9405326340292356 0.3397033475343274 0.5
43.12380756227245 21.82288111558737 2.0468512519528916 11.739991310352638 0.9405326340292356 0.3397033475343274 0.5
43.12380756227245 21.82288111558737 2.0468512519528916 11.739991310352638 0.9405326340292356 0.3397033475343274 0.5
43.12380756227245 21.82288111558737 2.0468512519528916 11.739991310352638 0.9405326340292356 0.3397033475343274 0.5
43.12380756227245 21.82288111558737 2.0468512519528916 11.739991310352638 0.9405326340292356 0.3397033475343274 0.5
43.12380756227245 21.82288111558737 2.0468512519528916 11.739991310352638 0.9405326340292356 0.3397033475343274 0.5
43.12380756227245 21.82288111558737 2.0468512519528916 11.739991310352638 0.9405326340292356 0.3397033475343274 0.5
43.12380756227245 21.82288111558737 2.0468512519528916 11.739991310352638 0.9405326340292356 0.3397033475343274 0.5
43.12380756227245 21.82288111558737 2.0468512519528916 11.739991310352638 0.9405326340292356 0.3397033475343274 0.5
43.12380756227245 21.82288111558737 2.0468512519528916 11.739991310352638 0.9405326340292356 0.3397033475343274 0.5
43.12380756227245 21.82288111558737 2.0468512519528916 11.739991310352638 0.9405326340292356 0.3397033475343274 0.5
43.12380756227245 21.82288111558737 2.0468512519528916 11.739991310352638 0.9405326340292356 0.3397033475343274 0.5
43.12380756227245 21.82288111558737 2.0468512519528916 11.739991310352638 0.9405326340292356 0.3397033475343274 0.5
43.12380756227245 21.82288111558737 2.0468512519528916 11.739991310352638 0.9405326340292356 0.3397033475343274 0.5
43.12380756227245 21.82288111558737 2.0468512519528916 11.739991310352638 0.9405326340292356 0.3397033475343274 0.5
43.12380756227245 21.82288111558737 2.0468512519528916 11.739991310352638 0.9405326340292356 0.3397033475343274 0.5
43.12380756227245 21.82288111558737 2.0468512519528916 11.739991310352638 0.9405326340292356 0.3397033475343274 0.5
43.12380756227245 21.82288111558737 2.0468512519528916 11.739991310352638 0.9405326340292356 0.3397033475343274 0.5
43.150014966464695 21.803754559763 1.799973855620494 12.644226744247637 0.940687832921422 0.33927334259207403 0.5
42.878089561831146 22.16887666860254 1.9209359485908588 11.677502652287508 0.9358563096963279 0.3523818491375097 0.5
43.036646999912755 21.942840841641065 1.5429642676066817 10.990305327596307 0.9332220539764989 0.3593001502530781 0.5
42.96727832836343 22.03713763255996 1.5605911218608184 10.698954024933798 0.9354280989160626 0.35351700349245024 0.5
42.96727832836343 22.03713763255996 1.5605911218608184 10.698954024933798 0.9354280989160626 0.35351700349245024 0.5
42.96727832836343 22.03713763255996 1.5605911218608184 10.698954024933798 0.9354280989160626 0.35351700349245024 0.5
42.96727832836343 22.03713763255996 1.5605911218608184 10.698954024933798 0.9354280989160626 0.35351700349245024 0.5
42.96727832836343 22.03713763255996 1.5605911218608184 10.698954024933798 0.9354280989160626 0.35351700349245024 0.5
42.96727832836343 22.03713763255996 1.5605911218608184 10.698954024933798 0.9354280989160626 0.35351700349245024 0.5
42.96727832836343 22.03713763255996 1.5605911218608184 10.698954024933798 0.9354280989160626 0.35351700349245024 0.5
42.96727832836343 22.03713763255996 1.5605911218608184 10.698954024933798 0.9354280989160626 0.35351700349245024 0.5
42.96727832836343 22.03713763255996 1.5605911218608184 10.698954024933798 0.9354280989160626 0.35351700349245024 0.5
42.96727832836343 22.03713763255996 1.5605911218608184 10.698954024933798 0.9354280989160626 0.35351700349245024 0.5
42.96727832836343 22.03713763255996 1.5605911218608184 10.698954024933798 0.9354280989160626 0.35351700349245024 0.5
42.96727832836343 22.03713763255996 1.5605911218608184 10.698954024933798 0.9354280989160626 0.35351700349245024 0.5
42.96727832836343 22.03713763255996 1.5605911218608184 10.698954024933798 0.9354280989160626 0.35351700349245024 0.5
42.96727832836343 22.03713763255996 1.5605911218608184 10.698954024933798 0.9354280989160626 0.35351700349245024 0.5
42.96727832836343 22.03713763255996 1.5605911218608184 10.698954024933798 0.9354280989160626 0.35351700349245024 0.5
42.96727832836343 22.03713763255996 1.5605911218608184 10.698954024933798 0.9354280989160626 0.35351700349245024 0.5
42.96727832836343 22.03713763255996 1.5605911218608184 10.698954024933798 0.9354280989160626 0.35351700349245024 0.5
42.96727832836343 22.03713763255996 1.5605911218608184 10.698954024933798 0.9354280989160626 0.35351700349245024 0.5
42.96727832836343 22.03713763255996 1.5605911218608184 10.698954024933798 0.9354280989160626 0.35351700349245024 0.5
42.96727832836343 22.03713763255996 1.5605911218608184 10.698954024933798 0.9354280989160626 0.35351700349245024 0.5
42.96727832836343 22.03713763255996 1.5605911218608184 10.698954024933798 0.9354280989160626 0.35351700349245024 0.5
42.96727832836343 22.03713763255996 1.5605911218608184 10.698954024933798 0.9354280989160626 0.35351700349245024 0.5
42.96727832836343 22.03713763255996 1.5605911218608184 10.698954024933798 0.9354280989160626 0.35351700349245024 0.5
42.96727832836343 22.03713763255996 1.5605911218608184 10.698954024933798 0.9354280989160626 0.35351700349245024 0.5
42.96727832836343 22.03713763255996 1.5605911218608184 10.698954024933798 0.9354280989160626 0.35351700349245024 0.5
42.96727832836343 22.03713763255996 1.5605911218608184 10.698954024933798 0.9354280989160626 0.35351700349245024 0.5
42.96727832836343 22.03713763255996 1.5605911218608184 10.698954024933798 0.9354280989160626 0.35351700349245024 0.5
42.96727832836343 22.03713763255996 1.5605911218608184 10.698954024933798 0.9354280989160626 0.35351700349245024 0.5
42.96727832836343 22.03713763255996 1.5605911218608184 10.698954024933798 0.9354280989160626 0.35351700349245024 0.5
42.96727832836343 22.03713763255996 1.5605911218608184 10.698954024933798 0.9354280989160626 0.35351700349245024 0.5
42.96727832836343 22.03713763255996 1.5605911218608184 10.698954024933798 0.9354280989160626 0.35351700349245024 0.5
42.96727832836343 22.03713763255996 1.5605911218608184 10.698954024933798 0.9354280989160626 0.35351700349245024 0.5
42.96727832836343 22.03713763255996 1.5605911218608184 10.698954024933798 0.9354280989160626 0.35351700349245024 0.5
42.96727832836343 22.03713763255996 1.5605911218608184 10.698954024933798 0.9354280989160626 0.35351700349245024 0.5
42.96727832836343 22.03713763255996 1.5605911218608184 10.698954024933798 0.9354280989160626 0.35351700349245024 0.5
42.96727832836343 22.03713763255996 1.5605911218608184 10.698954024933798 0.9354280989160626 0.35351700349245024 0.5
42.96727832836343 22.03713763255996 1.5605911218608184 10.698954024933798 0.9354280989160626 0.35351700349245024 0.5
42.96727832836343 22.03713763255996 1.5605911218608184 10.698954024933798 0.9354280989160626 0.35351700349245024 0.5
42.96727832836343 22.03713763255996 1.5605911218608184 10.698954024933798 0.9354280989160626 0.35351700349245024 0.5
42.96727832836343 22.03713763255996 1.5605911218608184 10.698954024933798 0.9354280989160626 0.35351700349245024 0.5
42.96727832836343 22.03713763255996 1.5605911218608184 10.698954024933798 0.9354280989160626 0.35351700349245024 0.5
42.96727832836343 22.03713763255996 1.5605911218608184 10.698954024933798 0.9354280989160626 0.35351700349245024 0.5
42.96727832836343 22.03713763255996 1.5605911218608184 10.698954024933798 0.9354280989160626 0.35351700349245024 0.5
42.96727832836343 22.03713763255996 1.5605911218608184 10.698954024933798 0.9354280989160626 0.35351700349245024 0.5
42.96727832836343 22.03713763255996 1.5605911218608184 10.698954024933798 0.9354280989160626 0.35351700349245024 0.5
