75.170014726621 47.07369044115758 10.47721340800893 12.369036359740193 0.9997565843908758 0.022062909307016248 5
75.170014726621 47.07369044115758 10.47721340800893 12.369036359740193 0.9997565843908758 0.022062909307016248 0.5
75.170014726621 47.07369044115758 10.47721340800893 12.369036359740193 0.9997565843908758 0.022062909307016248 0.5
75.170014726621 47.07369044115758 10.47721340800893 12.369036359740193 0.9997565843908758 0.022062909307016248 0.5
75.170014726621 47.07369044115758 10.47721340800893 12.369036359740193 0.9997565843908758 0.022062909307016248 0.5
75.170014726621 47.07369044115758 10.47721340800893 12.369036359740193 0.9997565843908758 0.022062909307016248 0.5
75.170014726621 47.07369044115758 10.47721340800893 12.369036359740193 0.9997565843908758 0.022062909307016248 0.5
75.170014726621 47.07369044115758 10.47721340800893 12.369036359740193 0.9997565843908758 0.022062909307016248 0.5
75.170014726621 47.07369044115758 10.47721340800893 12.369036359740193 0.9997565843908758 0.022062909307016248 0.5
75.170014726621 47.07369044115758 10.47721340800893 12.369036359740193 0.9997565843908758 0.022062909307016248 0.5
75.170014726621 47.07369044115758 10.47721340800893 12.369036359740193 0.9997565843908758 0.022062909307016248 0.5
75.170014726621 47.07369044115758 10.47721340800893 12.369036359740193 0.9997565843908758 0.022062909307016248 0.5
75.170014726621 47.07369044115758 10.47721340800893 12.369036359740193 0.9997565843908758 0.022062909307016248 0.5
74.9729086409293 47.032608185309215 11.33218538534358 3.6818353694862864 0.15473615845686972 0.9879558296128479 0.5
75.04730227038704 47.03303201223331 9.167272509409635 2.9039174804373618 0.21844859847959366 0.9758484563815742 0.5
75.1394619550104 46.94898307820331 10.277839033573683 2.4589320037991165 0.23981804278560648 0.9708178543653186 0.5
75.23831104611813 46.85500214559519 9.709711704237346 1.8903953678677745 0.24340380050384042 0.9699250434442275 0.5
74.91697088024547 47.05622290000689 6.639704577880618 1.8908941469152123 0.20234014479721352 0.979315304589611 0.5
74.91697088024547 47.05622290000689 6.639704577880618 1.8908941469152123 0.20234014479721352 0.979315304589611 0.5
74.95938859515834 47.017401300782474 6.771092750538443 1.7121565792098339 0.16564873859153184 0.9861848180757167 0.5
74.90064116892376 47.029634367634706 3.7681047417838403 1.6422686904108863 0.11796283750327433 0.9930180103946635 0.5
75.03837977452577 46.96824797558958 3.387642001426542 1.8175003385341735 0.08380016104962136 0.99648258038365 0.5
74.9701484438237 47.00116601016182 2.915971540113752 1.5203347054765453 0.011664283221115361 0.9999319699344239 0.5
74.9701484438237 47.00116601016182 2.915971540113752 1.5203347054765453 0.011664283221115361 0.9999319699344239 0.5
74.9701484438237 47.00116601016182 2.915971540113752 1.5203347054765453 0.011664283221115361 0.9999319699344239 0.5
74.9701484438237 47.00116601016182 2.915971540113752 1.5203347054765453 0.011664283221115361 0.9999319699344239 0.5
74.9701484438237 47.00116601016182 2.915971540113752 1.5203347054765453 0.011664283221115361 0.9999319699344239 0.5
74.9701484438237 47.00116601016182 2.915971540113752 1.5203347054765453 0.011664283221115361 0.9999319699344239 0.5
74.9701484438237 47.00116601016182 2.915971540113752 1.5203347054765453 0.011664283221115361 0.9999319699344239 0.5
74.9701484438237 47.00116601016182 2.915971540113752 1.5203347054765453 0.011664283221115361 0.9999319699344239 0.5
74.9701484438237 47.00116601016182 2.915971540113752 1.5203347054765453 0.011664283221115361 0.9999319699344239 0.5
74.9701484438237 47.00116601016182 2.915971540113752 1.5203347054765453 0.011664283221115361 0.9999319699344239 0.5
74.9701484438237 47.00116601016182 2.915971540113752 1.5203347054765453 0.011664283221115361 0.9999319699344239 0.5
74.9701484438237 47.00116601016182 2.915971540113752 1.5203347054765453 0.011664283221115361 0.9999319699344239 0.5
74.9701484438237 47.00116601016182 2.915971540113752 1.5203347054765453 0.011664283221115361 0.9999319699344239 0.5
74.9701484438237 47.00116601016182 2.915971540113752 1.5203347054765453 0.011664283221115361 0.9999319699344239 0.5
74.9701484438237 47.00116601016182 2.915971540113752 1.5203347054765453 0.011664283221115361 0.9999319699344239 0.5
74.9701484438237 47.00116601016182 2.915971540113752 1.5203347054765453 0.011664283221115361 0.9999319699344239 0.5
74.9701484438237 47.00116601016182 2.915971540113752 1.5203347054765453 0.011664283221115361 0.9999319699344239 0.5
74.98646145836628 46.990974609552694 2.906960868222617 1.4583716854404005 0.05201906059777409 0.9986460921340078 0.5
75.0207455975825 46.995678441898946 2.7714426468429436 1.4074136417643706 0.13422133009357626 0.9909513784984162 0.5
74.98756495189393 47.00217004887147 2.811281695569854 1.392482798320356 0.09676142436763498 0.9953076040874733 0.5
75.03797023920029 46.98451048886306 2.736077753233416 1.1955752891284468 0.09950878790091182 0.9950366833089579 0.5
75.03797023920029 46.98451048886306 2.736077753233416 1.1955752891284468 0.09950878790091182 0.9950366833089579 0.5
75.03797023920029 46.98451048886306 2.736077753233416 1.1955752891284468 0.09950878790091182 0.9950366833089579 0.5
75.03797023920029 46.98451048886306 2.736077753233416 1.1955752891284468 0.09950878790091182 0.9950366833089579 0.5
75.03797023920029 46.98451048886306 2.736077753233416 1.1955752891284468 0.09950878790091182 0.9950366833089579 0.5
75.03797023920029 46.98451048886306 2.736077753233416 1.1955752891284468 0.09950878790091182 0.9950366833089579 0.5
75.03797023920029 46.98451048886306 2.736077753233416 1.1955752891284468 0.09950878790091182 0.9950366833089579 0.5
75.03797023920029 46.98451048886306 2.736077753233416 1.1955752891284468 0.09950878790091182 0.9950366833089579 0.5
75.03797023920029 46.98451048886306 2.736077753233416 1.1955752891284468 0.09950878790091182 0.9950366833089579 0.5
75.03797023920029 46.98451048886306 2.736077753233416 1.1955752891284468 0.09950878790091182 0.9950366833089579 0.5
75.03797023920029 46.98451048886306 2.736077753233416 1.1955752891284468 0.09950878790091182 0.9950366833089579 0.5
75.03797023920029 46.98451048886306 2.736077753233416 1.1955752891284468 0.09950878790091182 0.9950366833089579 0.5
75.03797023920029 46.98451048886306 2.736077753233416 1.1955752891284468 0.09950878790091182 0.9950366833089579 0.5
75.03797023920029 46.98451048886306 2.736077753233416 1.1955752891284468 0.09950878790091182 0.9950366833089579 0.5
74.99472903420097 46.96900425689517 2.3191534025443366 1.2506181494501927 0.13716532002860174 0.9905481689354896 0.5
74.99472903420097 46.96900425689517 2.3191534025443366 1.2506181494501927 0.13716532002860174 0.9905481689354896 0.5
74.99472903420097 46.96900425689517 2.3191534025443366 1.2506181494501927 0.13716532002860174 0.9905481689354896 0.5
75.06425151849831 46.96744258135093 2.536530869882846 1.234074550948932 0.11719909389538524 0.9931084393912383 0.5
75.01362147209437 46.99567648801632 2.116398369012808 1.1511573482916286 0.1362980576421553 0.9906678754673414 0.5
75.0035512739845 46.99645335984851 1.9160502980032892 1.2722869911227934 0.2582625160489774 0.9660747759899602 0.5
74.98068601706083 47.002444856333426 1.8982045720630236 1.1417960859805363 0.1851636798335777 0.9827076939102941 0.5
74.99045418350106 47.003200163687424 1.7614820323082023 1.1840676579621539 0.29088458346880525 0.9567581507884737 0.5
75.01064902704455 46.9870933477487 1.7111604419479938 1.1465059678733398 0.24081649448371692 0.9705706651164427 0.5
75.02012378423932 46.99966359743539 1.573450400127263 1.1459149004228135 0.18330547385139362 0.9830560020955653 0.5
74.99420142420442 46.99161562056202 1.3973774157313819 1.1049356115991007 0.22057799237599518 0.9753693399319949 0.5
74.99144550671483 47.00509493910783 1.586673211124336 1.0379457175913662 0.11333782619476764 0.9935565092904604 0.5
74.99800192395553 46.985955090531 1.4124482550126776 1.0003674435907288 0.22933707383333535 0.9733470637781589 0.5
74.99800192395553 46.985955090531 1.4124482550126776 1.0003674435907288 0.22933707383333535 0.9733470637781589 0.5
74.99800192395553 46.985955090531 1.4124482550126776 1.0003674435907288 0.22933707383333535 0.9733470637781589 0.5
74.99800192395553 46.985955090531 1.4124482550126776 1.0003674435907288 0.22933707383333535 0.9733470637781589 0.5
74.99800192395553 46.985955090531 1.4124482550126776 1.0003674435907288 0.22933707383333535 0.9733470637781589 0.5
74.99800192395553 46.985955090531 1.4124482550126776 1.0003674435907288 0.22933707383333535 0.9733470637781589 0.5
74.99800192395553 46.985955090531 1.4124482550126776 1.0003674435907288 0.22933707383333535 0.9733470637781589 0.5
74.99800192395553 46.985955090531 1.4124482550126776 1.0003674435907288 0.22933707383333535 0.9733470637781589 0.5
74.99800192395553 46.985955090531 1.4124482550126776 1.0003674435907288 0.22933707383333535 0.9733470637781589 0.5
74.99800192395553 46.985955090531 1.4124482550126776 1.0003674435907288 0.22933707383333535 0.9733470637781589 0.5
